"1","제품 디자인이 무엇인지 설명해 주세요.","대상의 생산, 수송, 마케팅에까지 이르는 디자인 프로세스 내에서 드로잉이나 스케치, 시제품, 모델의 형식으로 디자인 아이디어에서 비롯된 물건을 창작하는 것을 뜻합니다. 디자이너나 의뢰인, 최종 사용자는 제품의 구매와 사용을 통해 의사소통을 하고 제품은 이들이 중요시하는 특정한 고려사항을 반영해 디자인 됩니다.","P","디자이너는 사람들의 니즈를 충족시켜야 합니다. 이를 위해 갖춰야 할 태도와 역량에 대해 설명해 주세요."
"1","제품 디자인이 무엇인지 설명해 주세요.","일본의 에도 시대의 등불을 예제로 생각해보면 손으로 그려 넣은 디테일을 가진 장식이 조명의 근본적인 기능을 심미적 국면으로 나타나게 해주었습니다. 어떤 물건은 기능을 향상시키는 외관을 가지게 될 때 비로서 바람직한 제품이 될 수 있습니다. 즉 미술과 공예 기술을 통한 개인화의 결과로 제품의 상품가치가 높아질 수 있습니다.","P","심미적인 부분을 강조해서 제품의 상품가치를 높이는 것이 왜 중요한지 설명해 주세요."
"1","제품 디자인이 무엇인지 설명해 주세요.","제품 디자인이란 제품의 용도와 관련없이 대상의 심미성을 보완하여 다른 제품과의 차별화를 시키는 것을 말합니다. 예를 들어 컵과 같은 경우 그 용도는 모두 같지만 디자인에 의해 차별점이 발생합니다. 실용성은 제품 디자인에 속하지 않습니다.","F",""
"1","제품 디자인이 무엇인지 설명해 주세요.","제품의 외관을 제품디자인이라고 합니다. 제품은 외관적으로 아름다울 때 상품가치가 높기 떄문에 제품 디자인은 소비자의 이목을 집중시키는 디자인을 선호하게 됩니다. 그러나 제품 디자인은 제품의 인플레이션을 유발하는 단점이 있어 현재는 모든 기초적 제품의 디자인을 일원화하였습니다","F",""
"1","제품 디자인이 무엇인지 설명해 주세요.","제품 디자인의 역사는 굉장히 짧습니다. 20세기에는 제품의 실용성을 중심으로 생산되었지만, 포스트모더니즘의 도래로 인해 최초로 제품 역시 심미적인 만족감을 소비자에게 주어야 한다는 의무가 발생함에 따라서 제품 디자인 산업이 활성화되었습니다.","F",""
"2","하이브리드 제품의 특징에 대해 설명해 주세요.","하이브리드 제품은 두개 이상의 물건이 통합되어서 어떤 새로운 것이 만들어지지만 여전히 이전의 실물과 시각적 관련성을 가지고 있을 때 형성됩니다. 이러한 혼성 행위는 제품의 적합성에 문제를 제기하는 도발적인 방식이며 제품 자체의 존재 이유를 뒷받침하는 기초적 진리가 무엇인지 관심을 자극합니다.","P","와인잔과 초인종의 혼성행위로 기대되는 시각적, 청각적 요소에 대해 설명해 주세요."
"2","하이브리드 제품의 특징에 대해 설명해 주세요.","하이브리드 제품은 진보적 사고 요소를 통해 만들어 졌습니다. 본래 물건이 개별적으로 가지고 있는 특질은 바라던 효과를 주기 위해 강화되거나 억제될 수 있습니다. 이러한 접근 방식의 디자인으로 많은 제품들이 개발되었고 우리는 그러한 제품들을 통해 기능성과 심미성과 의미를 전달하는 새로운 방식을 경험하게 됩니다.","P","하이브리드 제품처럼 새로운 방식으로 디자인 된 예제를 설명해 주세요."
"2","하이브리드 제품의 특징에 대해 설명해 주세요.","하이브리드 제품이란 두 가지 소재가 통합되어 하나의 물건으로 만드는 것을 의미합니다. 에를 들어, 카페에서 자주 사용되는 테이크아웃 컵의 경우 종이형 몸통과 플라스틱 닫개를 가지고 있는데 이 역시 하이브리드 제품으로 규정되고 있습니다.","F",""
"2","하이브리드 제품의 특징에 대해 설명해 주세요.","하이브리드 제품은 두 가지 이상의 물건이 통합되어 새로운 물건으로 발전된 제품을 의미합니다. 현재 시중에 판매되고 있는 대부분의 제품이 하이브리드성을 띄고 있으며 이로 인해 하이브리드 제품이라는 용어가 현재는 사용되고 있지 않습니다","F",""
"2","하이브리드 제품의 특징에 대해 설명해 주세요.","하이브리드 제품은 대상의 심미성이 아닌 실용성을 위해서 혼성되어 새롭게 만들어진 제품을 의미합니다. 제품의 적합성을 발전시키기 위한 구성방식이며, 기존 제품과의 실용적 관련성만 존재한다면 하이브리드 제품으로 정의하고 있습니다","F",""
"1","기술발전이 디자이너와 실수요자의 관계에 미친 효과에 대해 설명해 주세요.","패션의 통화침투이론에서는 정보의 흐름이 오로지 실수요자를 지향하는 방향으로 움직입니다. 기술의 발전으로 이제는 디자인 프로세스 내의 모든 부분과 그보다 더 중요하게는 고객에 대한 자세한 정보를 입수할 수 있습니다. 디자이너는 고객이 요구사항에 관해 가능한 많은 정보를 얻어야 최고의 디자인 해법을 찾을 수 있습니다.","P","통화침투이론에 대해 설명해 주세요."
"1","기술발전이 디자이너와 실수요자의 관계에 미친 효과에 대해 설명해 주세요.","리서치는 특정한 제품 측면의 주요 쟁점들에 대해 고객 견해의 우선순위를 규정하고 정리하는데 도움을 주며 오늘날과 같은 정보의 시대에는 이러한 리서치자료를 쉽게 공급받을 수 있습니다. 또한 정보는 디자인과 생산, 마케팅, 회계, 고객연락 등 여러가지 부문 사이에서 자유롭게 순환할 수 있습니다.","P","제품디자인을 수행하기 앞서 필요한 리서치에 대해 설명해 주세요."
"1","기술발전이 디자이너와 실수요자의 관계에 미친 효과에 대해 설명해 주세요.","기술이 발전함에 따라 제품에 사용되는 모든 기술이 상향평준화 되었고 이로 인해 제품 생성자는 소비자의 이목을 끌기 위해서 디자인에 관심을 갖게 되었습니다. 하지만 이 역시 제품의 통일적인 행태를 막지는 못했습니다.","F",""
"1","기술발전이 디자이너와 실수요자의 관계에 미친 효과에 대해 설명해 주세요.","소비자의 니즈를 파악하는 것이 제품의 기능 뿐 아니라 디자인까지 확대됨에 따라서 디자이너와 실수요자의 관계가 생성되었습니다. 그러나, 디자인의 경우 소비자의 니즈의 부가적인 요소이기 떄문에 이를 고려하지 않은 제품이 현재까지는 더 많습니다","F",""
"1","기술발전이 디자이너와 실수요자의 관계에 미친 효과에 대해 설명해 주세요.","실수요자의 니즈를 충족하기 위해서는 니즈에 대한 정보를 파악하는 것이 중요합니다. 그러나 디자인에 대한 소비자의 개별 차이가 너무 크기 때문에 현재는 가장 대중적인 디자인을 제품에 사용하게 되었고 이로 인해 디자인이 일원화되었습니다.","F",""
"1","기술발전이 디자이너와 실수요자의 관계에 미친 효과에 대해 설명해 주세요.","정보의 흐름은 전체론적 관점에서 모든 부문에 효율을 더하고 앞으로의 디자인 리서치와 개발을 위한 잠재적 영역을 정확히 지적할 수 있으며 기존 디자인에 대한 제품 다양화도 이룰 수 있습니다. 가장 큰 긍정적 영향으로는 고객의 니즈와 요구를 확인할 수 있다는 점 입니다.","P","기존 디자인에 대해 제품의 다양화가 이뤄진 사례에 대해 설명해 주세요."
"2","디자인 윤리가 왜 중요한지 설명해 주세요.","일부 기업과 산업계가 최대의 수익을 쫓아 대량생산 디자인과 수공예 품목의 생산을 전세계로 확대함에 따라 사회정치학적 문제와 경제적 쟁점들의 적절한 조화를 검토해야 할 필요성이 부각되고 있습니다. 그리고 그 해법은 디자인 윤리의 쟁점내에서 문제 해결을 위한 다양한 접근법을 시도함으로써 얻을 수 있습니다.","P","대량생산 디자인이 야기하는 문제점에 대해 설명해 주세요."
"2","디자인 윤리가 왜 중요한지 설명해 주세요.","일부 전통적인 장식방법들이 새롭고 신선한 시각으로 제품디자인에 다시 도입되어 모호함과 신비함을 통해 관심을 유발하고 있습니다. 그런데 어떻게 그것을 만들었을지, 무엇으로 만들어졌을지, 어디에서 비롯된 것인지를 생각해 보면 이는 결국 자원 이슈로 이어지게 됩니다. ","P","자원의 유한성을 고려했을 때 디자인 과정에서 유의해야 할 사항이 무엇이 있을지 설명해 주세요."
"2","디자인 윤리가 왜 중요한지 설명해 주세요.","디자인 역시 지식재산권이기 때문에 디자인에 대한 권리는 해당 제품의 생산 기업에 귀속 됩니다. 이에 대한 저작권을 위반하는 것을 막기 위해 디자인 윤리가 강조되게 되었으며, 이로 인해 제품에 대한 이차적 창작 역시 원칙적으로 김지되었습니다.","F",""
"2","디자인 윤리가 왜 중요한지 설명해 주세요.","최대의 수익을 쫓기 위해서 디자인에 대해 무관심한 기업이 많이지게 되었습니다. 그러나 디자인은 소비자의 니즈임으로 이를 충족하는 것이 굉장히 중요한데, 최소한의 니즈를 만족시키기 위해서 디자인 윤리를 규정하게 되었습니다.","F",""
"2","디자인 윤리가 왜 중요한지 설명해 주세요.","새로운 제품에 대한 요구는 디자인 윤리와 충돌합니다. 새로운 제품의 디자인은 기존에 없던 새로운 디자인을 창조하는 것을 목적으로 하는데,  디자인 윤리를 준수하게 되면 이에 대한 정치적인 문제와 경제적 문제를 동시에 고려해야 하기 떄문에 창작의 제한을 받게 됩니다","F",""
"2","디자인 윤리가 왜 중요한지 설명해 주세요.","새로운 제품에 대한 요구와 디자인 윤리에 대한 관심 사이에서 조화를 꾀함으로써 우리는 디자인 방법을 창안하고 개선하는 방식을 모색할 수 있습니다. 디자인 윤리 그리고 더 나아가 디자인 필요성 그 자체에까지 관심을 기울여야 하는 때가 온 것입니다. ","P","새로운 제품의 디자인을 고안할 때 제품 수명에 대해 함께 고민하는 것은 디자이너의 윤리 중 하나입니다. 제품 수명을 향상시킬수 있는 수단에 대해 설명해 주세요."
"1","제품의 라이프 사이클을 대해 설명해 주세요.","어떤 신제품이 시장에 도입되고 보급, 발전되어 성숙기에 들어갔다가, 다른 신제품의 개발 등에 따라 판매량이 줄어들게 되는 일련의 과정을 말합니다. 이 과정은 도입기,발전기,성숙기,포화기,쇠퇴기라는 각 단계로 구분하여 상품계획에 반영됩니다. 모든 제품이 동일한 라이프 사이클을 거치는 것은 아닙니다.","P","상품계획 단계 시 고려해야 할 디자인 요소에 대해 설명해 주세요."
"1","제품의 라이프 사이클을 대해 설명해 주세요.","우리들의 삶을 꾸미고 장식하기 위해 선택한 물건들의 라이프 사이클은 많은 요소들에 의해 좌우됩니다. 단명하는 속성을 가진 제품은 패션과 기술적 진부화와 같은 요소에 기인하여 짧은 라이프 사이클을 가집니다. 전통적인 라이프 사이클 모델은 도입, 성장, 원숙, 쇠퇴의 영업 단계와 맞물려 설명할 수 있습니다.","P","라이프 사이클에 영향을 미치는 요소에 대해 설명해 주세요."
"1","제품의 라이프 사이클을 대해 설명해 주세요.","제품의 라이프 사이클은 제품에 따라 상이합니다. 일회용품의 경우가 사이클이 가장 짧으며, 그릇, 가전제품과 같은 제품의 경우 한 번 구매하게 되면 영구적으로 사용되기 때문에 라이프 사이클이 가장 긴 제품에 해당됩니다.","F",""
"1","제품의 라이프 사이클을 대해 설명해 주세요.","어떤 신제품이 생성된 후 도태되기 까지를 제품의 라이프 사이클로 규정합니다. 모든 제품은 동일한 라이프 사이클을 거치지만 그 기간은 상이합니다. 보통의 경우 전자제품의 라이프 사이클은 2년 주기로 책정되고 있습니다.","F",""
"1","제품의 라이프 사이클을 대해 설명해 주세요.","시장에 나온 제품이 생성되고 이후 판매를 중단하기 까지의 주기를 제품의 라이프 사이클이라고 합니다. 그러나 해당 라이프 사이클은 길이에 따라 제품의 성공 여부를 측정하는 데이터는 아닙니다.하지만 보통의 경우 그 주기가 짧을수록 매출이 높은 상품에 속합니다","F",""
"1","제품의 라이프 사이클을 대해 설명해 주세요.","시장에 나온 제품의 수명을 주기로 포착한 것입니다. 예를 들면 신제품으로서 각광을 받는 기간, 매출이 신장하는 기간, 매출이 정지되는 기간, 매출이 떨어지는 기간, 시장에서 자취를 감추는 기간 등으로 나누어서 표시합니다. 어떤 상품이든지 시장에 등장해서 판매가 신장되면 다음에 판매가 줄어드는 과정을 밟습니다.","P","제품이 짧은 수명을 가진 것 이라면 디자인 시 중요하게 고려해야 할 사항은 어떤 것이 있을까요?"
"2","브리프의 역할과 목적에 대해 설명해 주세요.","브리프는 미리 결정된 지침을 확인하고 생산과 마케팅, 회계의 맥락안에서 프로젝트의 디자인 프로세스에 대한 목표를 설정합니다. 디자이너는 종종 브리프의 개요를 작성하는 초기단계에서 확실한 기준을 특정 짓는데 관여합니다. 브리프의 주요 동기는 신선한 창의성을 고취하는 것 입니다.","P","창의성을 고취하기 위한 방안에 대해 설명해 주세요."
"2","브리프의 역할과 목적에 대해 설명해 주세요.","브리프의 목표는 디자이너를 고취시키고 최종 제품의 현실화를 지원하는데 있습니다. 첨단제품을 생산할 때는 브리프가 상세해야 하지만 다른 프로젝트에서는 보다 자유로운 표현이 요구됩니다. 브리프는 디자이너 혹은 디자이너들이 총괄적으로 프로젝트와 관련되어 우선시되는 어떤 미감을 확인하는 도구입니다.","P","제품의 현실화를 위해 디자이너들이 협업해야 하는 비즈니스 파트너에 대해 설명해 주세요."
"2","브리프의 역할과 목적에 대해 설명해 주세요.","브리프는 몸에 짝 달라붙는 남성의 삼각팬티를 가리키는 말입니다. 참고로 짝 달라붙는 사각팬티는 드로즈라고 하며, 요즘 패션 추세로는 헐렁한 사각 모양 속옷 트렁크에 밀리는 듯보이며, 현재는 드로즈에게 자리를 뻇겼습니다.","F",""
"2","브리프의 역할과 목적에 대해 설명해 주세요.","브리프의 목표는 디자이너의 영감을 증폭시키는 것입니다. 디자이너 혹은 디자이너의 집단이 아이디어가 고갈되거나 미흡할 경우 기존에 있던 디자인 요소를 요약하여 제공함으로써 디자이너가 프로세스를 진행하도록 도와주는 보조 도구로서 기능합니다.","F",""
"2","브리프의 역할과 목적에 대해 설명해 주세요.","브리프는 디자이너가 최종제품을 현실화하는데 도움을 주는 도구입니다. 그러나 첨단 제품과 같이 제품에 포함되는 기술이 지나치게 전문적이어서 디자이너의 이해에서 벗어날 가능성이 높은 경우에는 사용될 수 없다는 한계가 있습니다","F",""
"2","브리프의 역할과 목적에 대해 설명해 주세요.","일반적으로 디자인 브리프는 디자인회사나 제작업자, 제조업자, 실수요자 등의 클라이언트와 디자이너 사이의 의사소통 수단입니다. 최종 브리프 문서는 간단하고 묘사적인 지침에서 계산된 기준의 대단히 상세하고 심지어 과학적인 기술까지 큰 차이를 보일 수 있습니다.","P","기존 브리프를 이용하여 작업하지 않고 디자이너 자신만의 지침을 설정하는 경우가 있습니다. 이 경우 어떠한 장점과 단점이 있는지 설명해 주세요."
"1","아이디어 생성 시 고려사항에 대해 설명해 주세요.","대부분의 디자이너들은 인간과 일상을 관찰함으로써 관련성을 발견합니다. 제품을 만들고 디자인하는 것이 정보를 모으고 개발하고 가공해가는 과정이라고 생각할 수 있습니다. 이에 자세한 리서치와 객관적인 관찰에 대한 이해에서 영감을 얻어 제품 유형의 디자인에 적용할 수 있습니다.","P","디자인을 위한 정보 가공 과정의 특징에 대해 설명해 주세요."
"1","아이디어 생성 시 고려사항에 대해 설명해 주세요.","아이디어와 개념의 발생은 깊이 있고 도발적인 사고에 이어서 아이디어의 단순화가 필요하지만 프로젝트마다 특유하게 나타납니다. 추상적인 요소를 확인하는 것이 독특한 제품을 창조하는데 도움을 주지만 또한 아이디어와 컨셉의 개발은 시장에 근거를 둘 필요가 있습니다.","P","아이디어가 추상적인 형태로 머물지 않고 시장에서 인정 받기 위해 고려해야 할 사항을 설명해 주세요."
"1","아이디어 생성 시 고려사항에 대해 설명해 주세요.","아이디어는 언제나 창의적이어야 합니다. 따라서 관찰과 경험을 통해서 귀납적으로 발생하는 것은 제외하는 것이 원칙입니다. 따라서 해당 아이디어는 아이디어로 귀속시켜서는 아니되고 브레인스토밍 단계에서 처리되어야 합니다.","F",""
"1","아이디어 생성 시 고려사항에 대해 설명해 주세요.","아이디어의 생성 시에는 해당 아이디어가 다른 아이디어와 유사한지 여부를 고려해서는 안됩니다. 이는 브레인스토밍을 제한하는 기능을 하기 떄문에 아이디어 생성 시에 한하여 표절이나 저작권 위반 등은 용인되어야 합니다.","F",""
"1","아이디어 생성 시 고려사항에 대해 설명해 주세요.","정보가 넘쳐나는 현대사회에서 아이디어 생성으 해당 정보를 충분히 검색하는 시간이 반드시 필요합니다. 이를 통해서 해당 정보를 종합하여 새로운 정보로 재창작하는 것 역시 아이디어 생성에 도움을 주는데, 해당 정보를 결합한 아이디어는 이차적 창작물로 저작권 위반에 해당되지 않습니다","F",""
"1","아이디어 생성 시 고려사항에 대해 설명해 주세요.","세계적으로 연결된 정보기반사회에서 참조할 수 있는 자원은 광범위합니다. 참고자료는 전자매체나 인쇄자료의 형식으로 쉽게 얻을 수 있습니다. 하지만 무엇보다 가장 좋은 자원은 실수요자와 가까워지고 그들과의 관계를 발전시킴으로써 실질적인 니즈와 우선순위를 확인하는 것 입니다. ","P","디자인 아이디어 개발을 위한 참고자료의 예제에 대해 설명해 주세요."
"2","디자이너에게 영감을 주는 도구인 플로우메이커에 대해 설명해 주세요.","위메이크 디자인 스튜디오에서 만든 플로우메이커는 디자인 토론의 방법을 제공하여 주어진 프로젝트를 위해 필수적인 당사자간에 의사소통을 촉진시킵니다. 이것은 규범적인 방법론이 아니며 오히려 디자인 프로세스의 유지와 확장을 위해 의도된 제한이 없고 융통성 있는 다목적 보조물입니다.","P","디자인 단계에서의 원활한 의사소통을 위한 추가적인 방법에 대해 설명해 주세요."
"2","디자이너에게 영감을 주는 도구인 플로우메이커에 대해 설명해 주세요.","플로우메이커는 사용을 위해 단지 몇 개의 지시가 있는 한 벌의 카드로 디자인되어 있습니다. 이것은 격려, 정보 제공, 연상 효과, 효과의 증대, 주의 환기, 자극, 정밀 조사, 이의 제기, 영감 제공 등 디자인의 모든 단계에서 대단히 유용한 도구입니다.","P","플로우메이커 이외에 다른 현대적 도구들에 대해 설명해 주세요."
"2","디자이너에게 영감을 주는 도구인 플로우메이커에 대해 설명해 주세요.","플로우메이커는 명확한 형태가 주어진 도구는 아닙니다. 모든 디자이너의 도구는 플로우메이커가될 수 있으며 심지어 도구가 아니더라도 그 상황, 아이디어 등 다양한 방식으로 존재할 수 있습니다.따라서 플로우메이커를 정의하는 것은 불가능합니다.","F",""
"2","디자이너에게 영감을 주는 도구인 플로우메이커에 대해 설명해 주세요.","플로우메이커는 의도된 제한이 없고 융통성 있는 다목적 보조물로서 디자이너의 영감을 일깨우거나, 확장시키는 역할을 하는 도구입니다. 또한 플로우메이커는 굉장히 고가를 자랑하기 떄문에 해당 보조물을 가지고 있는지 여부에 따라 디자이너의 성공을 좌우합니다","F",""
"2","디자이너에게 영감을 주는 도구인 플로우메이커에 대해 설명해 주세요.","디자이너가 미처 예측하지 못했던 디자인의 결함이나 제품과 디자인의 상관관계를  파악해주는 도구를 플로우메이커라고 합니다. 그러나 플로우메이커는 디자인의 프로세스에서 영감제기, 연상 효과 등의 제한적인 역할만 가능합니다.","F",""
"2","디자이너에게 영감을 주는 도구인 플로우메이커에 대해 설명해 주세요.","디자인에서 예측되는 또는 그렇지 못한 측면을 밝히거나 확인하기 위해 플로우메이커 카드를 적용할 수 있는 디자인 프로세스 영역이 대단히 많습니다. 58개의 카드는 다섯 조인 본능, 개성, 노화, 놀이, 잠재력으로 구성되어 있습니다. 이 카드 혁신적인 디자인 전략을 구상하는데 유용합니다.","P","플로우메이커카드가 어떻게 혁신적 전략을 수립하는데 도움이 될 수 있을지 설명해 주세요."
"1","제품 개발 프로세스에 대해 설명해 주세요.","디자인과 제품개발의 주요 영역은 리서치, 계획, 혁신, 아이디어 생성, 상호이해, 컨셉개발, 생산개발, 공급입니다. 개발 프로세스에서는 제품의 전체적인 외양이나 기능과 연관된 요소의 견지에서 디자인을 평가하고 그 결과로 최종결과물에 대한 명확한 통찰력이 제공되는 최종모델이 나와야 합니다.","P","외양과 기능을 모두 만족하는 디자인을 구상하기 위해 고려해야 할 사항들에 대해 설명해 주세요."
"1","제품 개발 프로세스에 대해 설명해 주세요.","디자이너는 생산명세서를 참고하여 실체적인 제품에 대한 컨셉과 디자인 개발에서 비롯된 모델과 드로잉을 실험하고 변형하는 과정을 거칩니다. 디자인과 개발 초기 단계에서 잠재적인 문제들을 명백히 하고 수정함으로써 자원을 효율적으로 사용할 수 있습니다. 필요하다면 재작업을 위해 철회할수도 있습니다.","P","생산명세서에 들어가는 항목이 무엇이 있는지 설명해 주세요."
"1","제품 개발 프로세스에 대해 설명해 주세요.","제품 개발 프로세스는 디자인의 초기단계로 시작합니다. 제품의 성능 전 디자인의 구성을 어떻게 할 것인지를 먼저 판별하고 이에 맞춰 제품의 성능을 규정하는 것이 일반적입니다. 성능이 뛰어나더라도 디자인이 존재하지 않으면 상품성이 없기 떄문입니다.","F",""
"1","제품 개발 프로세스에 대해 설명해 주세요.","제품 개발 프로세스에 디자인은 제외되는 것이 일반적입니다. 디자인에 맞지 않는 성능이 등장할 경우 해당 성능이 소비자에게 우월한 이득이 가져오더라도 디자인 때문에 포기하는 경우가 존재하기 때문입니다. 따라서 제품 개발 프로세스와 디자인 프로세스는 별도의 과정으로 분류합니다","F",""
"1","제품 개발 프로세스에 대해 설명해 주세요.","실체적인 제품에 대한 컨셉을 우선적으로 잡는 것이 제품 개발 프로세스의 첫과정입니다. 첫 과정에서 구체적인 시안이 나오지 않을 경우, 디자인을 우선적으로 포착하지 못할 뿐더러 수시로 변할 가능성이 존재하기 떄문입니다.","F",""
"1","제품 개발 프로세스에 대해 설명해 주세요.","제품개발 프로세스는 발생, 계획, 디자인, 생산개발의 영역에서 유통과 수송, 판매촉진으로 이루어진 영역에까지 영향을 미칩니다. 프로세스의 어떤 부분도 고립적으로 작용될 수 없습니다. 그리고 최선의 제품 해법은 보다 전체적인 접근방법을 채택함으로써만 성취될 수 있습니다.","P","디자이너가 판매촉진 단계까지 관여해야 하는 이유에 대해 설명해 주세요."
"1","디자이너를 위한 도구에 어떤 것들이 있는지 설명해 주세요.","디자이너의 도구는 물리적으로나 지각적으로나 여러 형태를 취할 수 있습니다. 최종 품목의 생산과는 달리 다지인개발을 위한 도구는 붓에서 컴퓨터에 이르기까지 다양하지만 모두가 공통적인 요소를 함께 가지고 있습니다. 디자이너가 내면적으로 정의한 아이디어를 다른 사람들에게 전달하는 수단이라는 점입니다.","P","디자이너의 지각적 도구에는 어떤것이 있는지 설명해 주세요."
"1","디자이너를 위한 도구에 어떤 것들이 있는지 설명해 주세요.","도구에는 다양한 수집품과 특정한 프로젝트라는 환경 안에서 각각의 개인마다 크고 적은 가치를 부여하는 장비들이 포함됩니다. 도구는 소재나 마감재의 수집, 분실물, 잡지와 책, 스크랩북과 스토리보드, 카메라, 컴퓨터, 소프트웨어프로그램, 프린터, 자메스칼, 노트, 연필 등이 있습니다.","P","디자이너가 사용할 수 있는 장비들의 장단점에 대해 설명해 주세요."
"1","디자이너를 위한 도구에 어떤 것들이 있는지 설명해 주세요.","디자이너의 도구란 규정될 수 없습니다. 디자이너는 모든 제품을 자신의 도구로 사용할 수 있기 때문입니다. 따라서 디자이너의 도구를 특정 제품으로 한정하는 것은 굉장히 위험한 발상이며 디자이너의 창의력을 제한할 수 있습니다","F",""
"1","디자이너를 위한 도구에 어떤 것들이 있는지 설명해 주세요.","디자이너의 도구는 붓에서 컴퓨터에 이르기까지 모두 다양하며, 각 도구에 따라서 디자인의 특징이 달라지는 성향을 지닙니다. 또한 어떤 도구를 쓰느냐에 따라서 디자이너의 역량을 평가할 수 있으며 컴퓨터를 쓰는 디자이너의 역량을 최고로 평가합니다","F",""
"1","디자이너를 위한 도구에 어떤 것들이 있는지 설명해 주세요.","디자이너는 전통적인 의미로 규정되기 떄문에 최근 컴퓨터 그래픽을 통해 디자인을 하는 사람은 디자이너가 아닌 프로그래머로 구분됩니다. 따라서 디자이너의 도구에 컴퓨터와 태블릿 PC등은 포함되지 않는 것이 원칙입니다.","F",""
"1","디자이너를 위한 도구에 어떤 것들이 있는지 설명해 주세요.","디자이너의 도구는 본래 아이디어의 생성과 정의를 돋우는 물건일 수도 있고 형태에 대한 정밀한 계획을 세우고 생산을 상세하게 묘사하는 하드웨어가 될 수도 있습니다. 현대디자인에서 대상에 시각적 형태를 부여하는 일에는 컴퓨터와 3D 스튜디오 맥스나 포토샵 프로그램이 있습니다.","P","3D 스튜디오 맥스에 대해 설명해 주세요."
"1","스케치와 도면에 대해 설명해 주세요.","대부분의 디자이너들은 펜이나 연필 그리고 종이를 가지고 디자인프로세스를 시작합니다. 손으로 그리는 스케치에는 아름다움과 자유가 있습니다. 재능과 드로잉 스타일이 다양하기 때문에 디자이너 각자에게 특유하고 개인적인 프로세스가 됩니다. 스케치의 적용은 기호에 맞는 효과가 결정되기까지 표시를 바꾸고 다시 그릴 수 있다는 점에서 유용합니다.","P","자유롭게 드로잉이 가능하다는 측면에서 스케치가 가지는 장점을 설명해 주세요."
"1","스케치와 도면에 대해 설명해 주세요.","스케치는 모든 디자이너에게 필수적인 수단입니다. 아이디어를 빠르게 전개할 수 있게 해주기 때문입니다. 이에 스케치는 아이디어의 착상이 이루어지는 프로세스라고 일컬어 집니다. 스케치와 도면은 정보 제공, 심미적, 예술적 표현, 형태 생성, 기술적 묘사 등 많은 목적을 충족시킵니다.","P","스케치를 통해 어떻게 기술적 묘사가 가능한지에 대해 설명해 주세요."
"1","스케치와 도면에 대해 설명해 주세요.","스케치란 도면에 디자인의 원형을 기입하는 행위를 말합니다. 단 스케치를 하는 경우는 굉장히 제한적인데, 디자인 자체가 복잡하여 구체적인 원형이 갖춰져야만 파악할 수 있을 때만 스케치를 하며 다른 경우에는 효율성이 떨어집니다","F",""
"1","스케치와 도면에 대해 설명해 주세요.","스케치는 디자이너가 펜이나 연필을 가지고 디자인을 시작하는 첫 프로세스를 말합니다. 그러나 스케치는 그 양식이 규격화되어 있기 때문에 오히려 디자이너의 미적 감각과 창의성을 제한하는 역효과를 불러일으킬 수 있습니다.","F",""
"1","스케치와 도면에 대해 설명해 주세요.","스케치는 도면에 디자인의 기초적인 도안을 작성하는 방식을 의미합니다. 그러나 굉장히 구체적이게 스케치를 해놓아야만 이후의 프로세스를 원활하게 진행할 수 있기 때문에, 현재는 스케치라는 단계를 정확하게 규정하지 않으며, 개념적인 용어로만 사용합니다","F",""
"1","스케치와 도면에 대해 설명해 주세요.","도면은 전통적으로 종이에 실행되는 전문적인 기술이지만 현재는 대부분 CAD나 디지털 드로잉을 통해 이루어집니다. 스크린을 이용하면 소재 허용 범위와 제품이나 부품 생산을 목적으로 한 명세서 제작과 관련된 정보를 빠르고 정확하고 협조적으로 진행할 수 있다는 장점이 있습니다.","P","CAD의 특징에 대해 설명해 주세요."
"1","텍스타일의 개념 및 정의에 대해 설명해 주세요.","텍스타일은 ‘직물’ 또는 ‘직물 원료’라는 의미이며, 텍스타일디자인은 디자인의 요소를 이용하여 디자인의 원리에 따라 패턴을 제작하는 것을 말합니다. 나아가 텍스타일디자인은 문양과 기법을 구상하여 염색, 자수 등의 방법으로 원단을 만들어내는 과정뿐만 아니라 직조하기 위한 직물설계까지를 포함합니다.","P","저작권은 지식재산권의 하나로 '저작물'에 대하여 창작자가 가지는 권리입니다. 산업재산권과의 차이점을 중심으로 저작권의 특징에 대해 자세히 설명해주세요."
"1","텍스타일의 개념 및 정의에 대해 설명해 주세요.","섬유산업은 산업혁명으로 인하여 직조기, 방적기, 날염기 등의 기계가 발명되면서 진보하기 시작하였습니다. 기계화는 섬유산업을 대량생산체제로 전환시켰으며, 대량생산으로 인해 판매 경쟁이 치열해짐에 따라 섬유제품의 디자인이 중시되면서 텍스타일디자인의 필요성이 대두되기 시작하였다.","P","섬유산업에서 디자인이 중시되는 이유에 대해 자세히 설명해 주세요."
"1","텍스타일의 개념 및 정의에 대해 설명해 주세요.","텍스타일은 직물이라는 뜻이로, 디자인이 구성되고나서 나타나는 촉감을 의미합니다. 이는 색상이나 디자인의 기하학적 형상을 통해서 간접적으로 느껴지기도 하며, 디자인 자체 표면에 텍스타일의 느낌을 주기 위한 작업도 일컫는 용어입니다","F",""
"1","텍스타일의 개념 및 정의에 대해 설명해 주세요.","텍스타일이란 디자인에서 자주 사용되는 패턴의 일종을 의미합니다. 예를 들어, 대칭형이나 별 형상의 반복적인 배치 등은 현재에서 자주쓰이고 있는 텍스타일이며, 해당 원형이 하나의 문화적 기표이기 때문에 변경할 경우 의미가 손실될 수 있습니다","F",""
"1","텍스타일의 개념 및 정의에 대해 설명해 주세요.","텍스타일은 직조기에서 따온 것으로, 직조물에서 사용되는 하나의 패턴이 디자인 계에 넘어와서 사용되고 있는 용어입니다. 그러나 패턴의 경우 굉장히 사용빈도가 낮고, 창의성이 결여되어있기 떄문에, 텍스타일이 들어갈 경우 디자인적 가치는 퇴색됩니다","F",""
"1","텍스타일의 개념 및 정의에 대해 설명해 주세요.","섬유산업의 중심인 패션산업이 확장되기 위해서는 의상디자인과 함께 소재 개발이 필수적입니다. 소재 개발에는 새로운 소재와 동시에 텍스타일디자인의 개발이 병행되어야 합니다. 텍스타일디자인은 끊임없이 개발되고 있는 신소재와 다양한 직물조직 및 가공기술의 발전과 더불어 직물의 부가가치를 높여줄 수 있습니다. ","P","직물의 부가가치를 높일 수 있는 방안에 대해 설명해 주세요."
"2","텍스타일 디자인의 조건에 대해 설명해 주세요.","텍스타일디자인은 섬유의 조직과 표면에 여러 가지 무늬와 색상을 적용하여 상품의 가치를 향상시키기 위해 텍스타일디자인에서 추구하는 예술성, 가공성, 시장성이 있습니다. 텍스타일디자인에서 추구하는 예술성은 실용화의 예술적 효용이라 할 수 있다. 텍스타일디자인은 하나의 독립된 예술작품으로 독창성을 추구합니다.","P","텍스타일 디자인에서 추구하는 예술성을 위해 디자이너가 갖춰야 할 자세에 대해 설명해 주세요."
"2","텍스타일 디자인의 조건에 대해 설명해 주세요.","예술성이 뛰어난 디자인이어도 실용화될 수 있도록 고안하여야하며 제품으로서의 부가가치가 발생하도록 효율적이어야 합니다. 텍스타일디자인은 고급 소재의 경우 디자인의 예술성보다 제작원가의 문제로 제품이 실용화하지 못하는 경우도 있기 때문에 이러한 생산의 효율성을 의미하는 ‘가공성’이 텍스타일디자인의 성립 조건이 될 수 있습니다.","P","디자인이 생산의 효율성을 고려해야 하는 이유를 설명해 주세요."
"2","텍스타일 디자인의 조건에 대해 설명해 주세요.","텍스타일 디자인의 조건은 그 촉감이 소비자의 선호에 맞아야 합니다. 심미적인 욕구를 충족시킬 수 있는 디자인이라고 할지라도, 그 표면의 텍스타일이 지나치게 거칠거나, 디자인의 목적에 맞지 않는다면, 제품의 실용성을 떨어뜨려서 소비자의 만족을 낮추기 때문입니다","F",""
"2","텍스타일 디자인의 조건에 대해 설명해 주세요.","텍스타일 디자인은 모두가 해당 텍스타일을 하나의 패턴으로 인식하는 것이 굉장히 중요합니다. 따라서 텍스타일은 문화적으로 용인된 경우만 사용될 수 있는데 우리나라의 경우 그 패턴이 굉장히 협소하여 텍스타일을 쓰는 경우가 제한적입니다","F",""
"2","텍스타일 디자인의 조건에 대해 설명해 주세요.","텍스타일 디자인은 굉장히 전형적이 패턴이기 때문에 소비자에게 어필될 가능성이 부족합니다. 오히려 현재는 다양하고 차별화된 패턴이 각광받고 있기 때문에, 디자이너들 역시 텍스타일의 필요성에 대해 의문을 가지고 있는 실정입니다","F",""
"2","텍스타일 디자인의 조건에 대해 설명해 주세요.","소비자에게 어필되지 않는 디자인은 상품이 될 수 없습니다. 현대에는 좋은 상품과 소비자가 원하는 제품을 만들기 위한 디자인 기획이 절실합니다. 소비자의 취향은 점점 다양화, 차별화, 고급화되고 있기에 텍스타일 산업은 기획과 디자인 단계에서부터 이러한 다양한 소비자의 요구에 부합할 수 있도록 소비자 중심적으로 전환되어야 합니다. ","P","소비자중심적인 텍스타일디자인을 만들기 위해 어떤 노력을 기울여야 하는지 설명해 주세요."
"1","텍스타일의 종류에 대해 설명해 주세요.","선염디자인은 직물을 제직하기 전에 염색실을 디자인하는 것입니다. 여러 색상의 실을 조직하여 짠 직물을 ‘사염 직물’ 또는 ‘선염 직물’이라고 하며, 대표적인 것으로 줄무늬와 체크무늬가 있습니다. 선염은 직물의 색상과 품질을 좌우하는 토대가 되는 디자인 영역입니다.","P","사염직물의 뜻에 대해 자세히 설명해 주세요."
"1","텍스타일의 종류에 대해 설명해 주세요.","직조디자인은 직기를 이용하여 경사와 위사의 조직 방법에 따라 직물 표면에 여러 가지 재질감과 패턴을 형성하게 됩니다. 경사와 위사가 교차하는 상태에 따라 평직, 능직, 수자직, 변화조직 등으로 다양한 조직의 직물이 만들어 집니다. 니트디자인은 위사 또는 경사의 어느 한 방향의 실을 사용하여 연속적으로 고리를 엮는 니트의 디자인을 말합니다.","P","경사와 위사에 대해 설명해 주세요."
"1","텍스타일의 종류에 대해 설명해 주세요.","가공디자인은 직물을 제작한 후 2차적으로 가공을 통해 직물의 훼손을 방지하며 패턴을 명확하게 하는 텍스타일의 종류를 의미합니다. 주로, 의류나 코팅이 필요한 텍스타일 제품에서 많이 사용되며 내구성이 튼튼하다는 장점이 있습니다.","F",""
"1","텍스타일의 종류에 대해 설명해 주세요.","선형디자인이란 텍스타일의 패턴을 단일한 선으로 고정하여 패턴화된 텍스타일을 구성하는 것입니다. 개념주의 미술사조에 영향을 받아, 최대한 단순한 패턴을 통해 직물에 대해 소비자가 느끼는 안정감을 최우선으로 진행합니다.","F",""
"1","텍스타일의 종류에 대해 설명해 주세요.","입체디자인이란 텍스타일을 통해서 소비자가 입체감을 느끼도록하는 디자인을 의미합니다. 주로, 원색적인 패턴을 다양화하게하기 위해서 사용되지만, 그 사용용도는 의류나 사치품에 제한되고 있는 실정입니다.","F",""
"1","텍스타일의 종류에 대해 설명해 주세요.","날염디자인은 직물 표면에 다양한 색상의 무늬를 부분적으로 염색할 때 필요한 디자인입니다. 적당한 점도의 풀에 염료와 보조약제를 혼합하여 색상을 만들고 피염물에 필요한 무늬를 부분적으로 인날하는 염색법입니다. 피염물 전체를 동일한 색상으로 착색시키는 침염과는 달리 여러 가지 무늬와 색상이 자유롭게 표현될 수 있습니다.","P","부분적 염색을 수행할 때 고려해야 할 사항에 대해 설명해 주세요."
"2","텍스타일 디자이너의 역할에 대해 설명해 주세요.","독특하고 창조적인 디자인을 개발합니다. 의류, 인테리어, 장식용 물건 등 텍스타일의 대상 분야를 선정한 다음 사용 용도에 적합한 색상, 문양, 디자인 등에 관한 자료를 수집하여 독자적인 디자인을 수행합니다. 디자인 개발 단계에서부터 마케팅을 염두에 두고 작업해야 합니다.","P","디자인 단계 시 고려해야 할 마케팅 요소에 대해 설명해 주세요."
"2","텍스타일 디자이너의 역할에 대해 설명해 주세요.","최종 제품으로 완성될 수 있는 디자인을 합니다. 회사의 생산시설, 경영상의 문제 등을 제대로 파악하지 못한 채로 디자인을 하게 되면 현실성이 없는 자기중심적인 디자인으로 끝나기 때문입니다. 특히 외수일 경우 바이어의 요구와 함께 각 나라마다의 민족성, 사회구조와 의식, 선호색과 문양 등을 파악하여 다자인해야 합니다.","P","바이어와 효율적인 커뮤니케이션을 위해 사용할 수 있는 툴을 설명해 주세요."
"2","텍스타일 디자이너의 역할에 대해 설명해 주세요.","텍스타일 디자이너의 역할은 자칫 지루하게 느껴질 수 있는 텍스타일의 패턴을 연구하고, 이를 발전시켜 기존에 없던 텍스타일 디자인을 생성하고 이를 사회에서 문화적으로 용인할 수 있도록 노력하는 역할을 하고 있습니다.","F",""
"2","텍스타일 디자이너의 역할에 대해 설명해 주세요.","텍스타일 디자인은 최종 제품에 구애받지 않아도 됩니다. 해당 텍스타일 디자인이 최종작품에 반드시 쓰이지 않더라도 그 패턴은 영구적으로 다음에 출시될 제품에 사용될 수 있으며, 혹은 해당 텍스타일에 맞춰 새로운 제품을 만들 수도 있기 때문입니다.","F",""
"2","텍스타일 디자이너의 역할에 대해 설명해 주세요.","텍스타일 디자인의 용도가 확장됨에 따라서, 이전에는 텍스타일의 제조가 분할업무로 진행되었는데 현재는 디자이너가 생산자의 역할을 동시에 수행하고 있습니다. 이를 통해, 텍스타일 디자인이 개발 단계가 아닌 디자인 프로세스 어떤 단계에서도 고안될 수 있게 되었습니다","F",""
"2","텍스타일 디자이너의 역할에 대해 설명해 주세요.","과학적인 지식과 시장정보의 분석 등을 바탕으로 실용성과 미를 갖춘 제품을 제작합니다. 소비자의 요구, 시대와 유행에 따른 트렌드를 반영하고 창조적인 발상으로 개성 있는 작품을 디자인하며 직물의 특성을 고려하여 제품의 용도에 맞게 실현화시키는 일련의 과정이 통일성 있게 전개될 때, 고품질의 텍스타일제품이 생산될 수 있습니다.","P","트렌드를 파악하기 위한 방안에 대해 설명해 주세요."
"2","텍스타일 디자인과 관련된 직업군을 설명해 주세요.","컬러리스트는 색채를 전문적으로 다루는 패션 코디네이터로 텍스타일의 배색 전문가, 기업의 색채 전략, 색채 통합 등의 자문 역할을 합니다. 텍스타일 머천다이저는 텍스타일과 관련된 상품을 계획하는 상품기획자입니다. 텍스타일 컨버터는 텍스타일에서 면을 프린트 천으로 가공하는 디자이너입니다.","P","텍스타일 컨버터의 역할에 대해 자세히 설명해 주세요."
"2","텍스타일 디자인과 관련된 직업군을 설명해 주세요.","스타일리스트는 텍스타일 메이커나 어패럴 메이커에서 직접 디자인하지는 않지만 오리지널 원단 디자인을 자사의 기획의도에 맞게 변형해 나가는 스페셜리스트를 말합니다. 프로덕트 매니저는 새로운 상품에 대하여 그 기획에서부터 생산, 판매, 광고에 이르기까지 모든 책임을 지고 수행하는 전문 매니저를 뜻 합니다.","P","프로덕트매니저가 갖춰야 할 자세에 대해 설명해 주세요."
"2","텍스타일 디자인과 관련된 직업군을 설명해 주세요.","텍스타일 디자인은 굉장히 복잡하여 이저에는 페터니스트,컬러리스트, 스타일리스트, 프로덕트 매니저 등 세분화되어있었지만, 현재는 해당 디자인 분야가 굉장히 활발히 발전함에 따라서 한 사람이 해당 역할을 전부 통합하여 하는 경우가 많습니다","F",""
"2","텍스타일 디자인과 관련된 직업군을 설명해 주세요.","컬러리스트는 텍스타일의 색채를 전문적으로 다루는 디자이너를 말했습니다. 그러나 현재는 모든 텍스타일 작업이 디지털로 진행되어 과거처럼 명확한 색을 찾는 것이 어렵지 않고, 배색하는 작업역시 간단해짐에 따라 현재는 존재하지 않게 되었습니다","F",""
"2","텍스타일 디자인과 관련된 직업군을 설명해 주세요.","패터니스트는 텍스타일 디자인의 기초가되는 텍스타일 패턴을 연구하는 사람을 의미합니다. 사회적으로 용인될 수 있는 패턴을 만들기 위해서 여러 문화적 현상에 집중하는 것이 중요하며, 텍스타일 디자인의 최종 단계에서 이를 결정하게 됩니다","F",""
"2","텍스타일 디자인과 관련된 직업군을 설명해 주세요.","패터니스트는 텍스타일디자인의 문양과 패턴의 디자이너이고 퀄리티 컨트롤러는 직물과 텍스타일디자인, 최종 상품의 품질을 분석하고 최적의 품격을 갖출 수 있도록 조정하는 총괄기획자입니다. 인스펙터는 직물과 텍스타일디자인, 최종 상품의 품질의 기준에 따라 오류와 불량을 찾아내는 검사관입니다.","P","인스펙터가 오류와 불량을 찾아내기 위해 사용하는 방안에 대해 설명해 주세요."
"1","모델링에 대해 설명해 주세요.","모델 제작은 프로세스 내에서 직접 손으로 제작하는 방법이나 컴퓨터화된 방법으로 만들어지는 수단입니다. 손으로 직접 모델은 제작하는 일은 보드지, 스티로폼 등 디자인을 테스트하고 분석하는데 효과적인 것은 무엇이나 이용하는 기술적인 프로세스를 포괄합니다.","P","모델링에 있어서 테스트가 무엇을 의미하는지 설명해 주세요."
"1","모델링에 대해 설명해 주세요.","모델링은 두 가지 기능을 수행합니다. 고객에게 아이디어를 제시하고 명확한 때로는 뜻밖의 결과를 달성하는 것 입니다. 모델링은 아이디어의 기술적 그리고 미학적 특질을 여과하여 전개시키며 완성하기 위한 프로세스로서 디자인에서 중요한 부분입니다. 때로는 최종형상을 완수하기 위해 많은 반복이 요구되기도 합니다.","P","모델링을 통해 최종형상 외에 얻고자 하는 부분이 어떤 것이 있는지 설명해 주세요."
"1","모델링에 대해 설명해 주세요.","모델링이란 프로세스 이전 해당 작업이 어떤 방식을 통해서 진행되어야할지 정하는 작업을 의미합니다. 모델링의 의미는 굉장히 다양한데, 이는 성공사례만을 분석하면될 뿐, 실패사례에 대한 모델링은 존재하지 않습니다.","F",""
"1","모델링에 대해 설명해 주세요.","모델링은 고객의 니즈를 파악하여 해당 니즈를 만족시키는 제품을 만들기 전에 어떤 방식으로 그 니즈를 충족시킬 것인지르 구상하는 것을 의미합니다. 따라서 모델링은 최종 제품이 나오고 소비자에게 전달되어 결과고 도출될때까지 확정되지 않습니다.","F",""
"1","모델링에 대해 설명해 주세요.","모델링은 기술적 미학적 특징을 통합하여 만들어진 프로세스입니다. 보통의 경우 기술적이 끝나면 해당 제품에 대한 디자인이 들어가게 되었었지만, 현재는 두 과정이 통합되여 동시에 일어나게 되는데 이는 모델링의 결과입니다.","F",""
"1","모델링에 대해 설명해 주세요.","쾌속 시제품 제작은 제조에서 허용 오차 범위가 작은 즉, 초정밀 공학기술이 요구되는 구성 요소의 모델링에 쓰입니다. 이후 급속한 수정이 필요한 시제품을 제작하는데 드는 시간은 엄청나게 줄어 들었습니다. CAD와 제조프로세스의 통합으로 제품디자인의 효율이 크게 향샹되었습니다.","P","쾌속시제품의 의미가 무엇인지 설명해 주세요."
"2","쾌속 시제품 제작의 특징에 대해 설명해 주세요.","쾌속 시제품 제작은 섬세하고 보다 복잡한 디자인을 가능하게 합니다. 프로세스가 본래 아이디어의 3D 판에 소재를 층으로 덧입히기 때문입니다. 복잡한 디자인이 허용되는 것이 이 정교한 층 덧입히기 덕분입니다. 각 층이 대단히 얇기 때문에 조각 영역 내의 만곡과 유동성을 보다 복잡한 제품으로 변환 시킬 수 있습니다.","P","정교한 층을 이용해 유동성 표현이 가능해졌다는 의미에 대해 자세히 설명해 주세요."
"2","쾌속 시제품 제작의 특징에 대해 설명해 주세요.","이 프로세스는 1980년 중반에 발명되었으며 그 이후 제품의 배치 생산과 모델 양쪽에 대한 적용법이 끊임없이 개발되어 왔습니다. 쾌속 시제품 제작의 장점은 새로운 형태 제작의 자유, 디자인 프로세스 내에서 모델제작의 효율을 높임으로써 시간과 비용이 절감된다는 것 입니다.","P","비용절감 외 쾌속 시제품 제작의 장점에 대해 설명해 주세요."
"2","쾌속 시제품 제작의 특징에 대해 설명해 주세요.","쾌속 시제품이란 경쟁사가 경쟁제품을 미리 내게 되었을 경우, 해당 경쟁제품이 시장에서 많은 수익을 거둬들이고 있다면, 이를 모방하여 즉각적으로 더 낮은 가격에 비슷한 제품을 만들어 해당 경쟁사의 시장점유율을 낮추는 전략을 의미합니다","F",""
"2","쾌속 시제품 제작의 특징에 대해 설명해 주세요.","쾌속 시제품이란 디자인 프로세스의 과정으로서, 프로세스의 효율성을 높이며 시간과 비용이 절감되는 효과가 있습니다. 단, 단기적인 디자인 과정이기 때문에 제품에 대한 누락과 고장이 잦기 떄문에, 주로 사치품에 사용되는 프로세스입니다","F",""
"2","쾌속 시제품 제작의 특징에 대해 설명해 주세요.","쾌속 프로세스는 2010년대 기술이 발전되면서 최초로 등장하였습니다. 흔히 볼 수 있는 고객의 요청사항을 즉각적으로 제품에 삽입하는 과정은 쾌속 시제품 제작이 나타났기 때문입니다. 이로 인해 맞춤형 전략이 새로운 경영 전략으로 각광받고 있습니다","F",""
"1","랜더링에 대해 설명해 주세요.","평면인 그림에 형태·위치·조명 등 외부의 정보에 따라 다르게 나타나는 그림자·색상·농도 등을 고려하면서 실감나는 3차원 화상을 만들어내는 과정 또는 그러한 기법을 말합니다. 즉, 평면적으로 보이는 물체에 그림자나 농도의 변화 등을 주어 입체감이 들게 함으로써 사실감을 추가하는 컴퓨터그래픽상의 과정이 랜더링 입니다.","P","3차원화상을 만들어 내는 것이 왜 중요한지 설명해 주세요."
"1","랜더링에 대해 설명해 주세요.","2차원이나 3차원 그래픽스 영상을 작성할 때 최종 단계에 해당합니다. 보통 2차원 그래픽스에서는 완료된 화상을 생성하는 최종 화상 처리 공정을, 3차원 그래픽스에서는 컴퓨터 안에 기록되어 있는 모델 데이터를 디스플레이 장치에 묘화할 수 있도록 영상화하는 것을 가리킵니다.","P","묘화의 의미와 중요성에 대해 설명해 주세요."
"1","랜더링에 대해 설명해 주세요.","랜더링이란 어도비에서 운영하고 있는 동영상 편집프로그램 프리미어에서 편집된 영상을 저장하는 방식입니다. 보통 영상 제작의 최종단계에서 시행되지만, 영상 길이가 긴 경우 렌더링을 통해 누락된 부분이 없는지 재확인하는 작업이 필요합니다.","F",""
"1","랜더링에 대해 설명해 주세요.","랜더링이란 2차원으로 패턴화된 제품에 주로 사용됩니다. 3차원으로 구성되어있는 제품에 간혹 2차원으로 구성된 디자인이 자연스럽게 배치되지 않을 경우 이를 보다 자연스럽게 해주는 방식으로서 채용되고 있습니다.","F",""
"1","랜더링에 대해 설명해 주세요.","랜더링이란 그래픽감이 있는 2차원의 상품을 만들 때 사용됩니다. 단, 해당 2차원 상품이 대부분 패턴화되어있는 경우가 많으며 2차원에 있을 경우 그 디자인적 감각이 높은 경우가 많기 때문에 영상에서는 사용될 수 없다는 한계를 지닙니다","F",""
"1","랜더링에 대해 설명해 주세요.","가장 간단한 랜더링 방법으로는 물체의 모서리만을 그려주는 와이어프레임 랜더링을 들 수 있습니다. 또 가장 많이 이용되는 기본적 랜더링 방법으로 레이트레이싱 랜더링이 있습니다. 광선의 굴절·반사 등을 계산해서 광선이 시작되었던 조명에 이를 때까지의 경로를 역추적해 나가는 과정을 통해서 각 픽셀의 색상을 결정하는 방법입니다.","P","와이어프레임에 대해 설명해 주세요."
"2","디자인 매니지먼트의 중요성에 대해 설명해 주세요.","디자인 매니지먼트는 기업 경영의 관점에서 ‘디자인을 어떻게 활용할 것인가?’, 디자인 조직에서는 ‘적절한 디자인의 개발과 경영에 공헌할 수 있는 디자인은 무엇인가?’ 등을 구체적으로 검토하며, 기업과 조직체에서 디자인이 기업의 성장과 목표를 달성하기 위해 반드시 필요한 수단으로 중심 역할을 하고 있다는 인식을 갖게 합니다.","P","디자인이 기업의 성장을 위한 수단으로 쓰일수 있다는 인식에 대해 자세히 설명해 주세요."
"2","디자인 매니지먼트의 중요성에 대해 설명해 주세요.","기업에서는 디자인 매니지먼트의 결과가 브랜드 디자인, 제품 디자인, 광고, 웹사이트 등을 통해서 다양하게 표출되기 때문에 기업의 비즈니스 전략, 소비자의 니즈, 사회적, 환경적 요구 등까지 디자인의 매니지먼트 과정에서 충분히 고려해야 합니다. 이 과정을 통해 기업이 디자인에 투자하는 시간과 예산의 효과를 극대화할 수 있습니다.","P","디자인 매니지먼트를 통해 예산의 효과를 극대화 할 수 있습니다. 이외의 긍정적 효과에 대해 설명해 주세요."
"2","디자인 매니지먼트의 중요성에 대해 설명해 주세요.","디자인 관리는 기업에서 해당 디자인을 어떻게 효율적으로 사용할지를 검토하는 것을 말합니다. 따라서 디자인에 대한 선택의 과정은 제품 생산 전에 종료되어야 하며, 선택받지 못한 디자인은 과감하게 폐지하는 것이 명확한 디자인 관리입니다","F",""
"2","디자인 매니지먼트의 중요성에 대해 설명해 주세요.","디자인 매내지먼트가 제대로 되지 않으면, 상품에 어울리지 않는 디자인이 주입될 가능성이 높습니다. 따라서 기업이 디자인에 투자하는 과정에서 디자인 관리를 신중하게 해야하며, 시간과 예산은 고려하지 않는 것이 일반적입니다.","F",""
"2","디자인 매니지먼트의 중요성에 대해 설명해 주세요.","디자인을 경영에서 어떻게 사용할 것인지는 굉장히 중요합니다. 경영의 모든 과정에서 디자이이 개입되고 있기 때문입니다. 그러나 서비스를 주요 사업으로 하는 기업의 경우 디자인이 사용될 경우가 존재하지 않기 떄문에 디자인 매니지먼트의 필요성이 존재하지 않습니다","F",""
"2","디자인 매니지먼트의 중요성에 대해 설명해 주세요.","디자인 매니지먼트는 제품을 개발하고 새롭게 디자인 하거나 개선하고 향상시키는 측면 모두를 포함하기 때문에 그 역할과 중요성은 더욱 커지고 있다고 할 수 있습니다. 또한 기업이 새로운 제품을 개발하는 데 중요하게 생각해야 하는 것은 그것을 통해 기업의 경제 측면뿐만 아니라 시장 환경에 많은 영향과 변화를 가져온다는 사실입니다.","P","디자인 매니지먼트가 시장환경에 미치는 영향에 대해 설명해 주세요."
"1","3D 프린팅에 대해 설명해 주세요.","3D프린팅 프린터로 물체를 뽑아내는 기술을 말합니다. 종이에 글자를 인쇄하는 기존 프린터와 비슷한 방식으로, 다만 입체 모형을 만드는 기술이라고 하여 3D프린팅이라고 부릅니다. 보통 프린터는 잉크를 사용하지만, 3D프린터는 플라스틱을 비롯한 경화성 소재를 사용합니다.","P","경화성 소재에 대해 설명해 주세요."
"1","3D 프린팅에 대해 설명해 주세요.","기존 프린터가 문서나 그림파일 등 2차원 자료를 인쇄하지만, 3D프린터는 3차원 모델링 파일을 출력 소스로 활용한다는 점도 차이점이 있습니다. 적게는 한두 시간에서 길게는 십여 시간이면 3D프린터에 입력한 모형을 완성할 수 있습니다.  3D프린팅 기술은 지금 산업 현장 최첨단에서 가장 주목받는 기술입니다.","P","3D프린팅이 현시대에 주목받는 최첨단기술인 이유에 대해 설명해 주세요."
"1","3D 프린팅에 대해 설명해 주세요.","3D프린팅은 2차원으로 존재하는 상품을 3차원으로 재창조하는 작업을 의미합니다. 따라서 굉장히 고비용이 들며, 프린팅에 사용되는 구성요소가 굉장히 고가를 자랑하기 때문에 현재는 교육용으로도 사용되지 못하고 있습니다.","F",""
"1","3D 프린팅에 대해 설명해 주세요.","기존 문서나 그림 등을 서류에 프린트하는 인쇄기와 다르게 3D 프린트는 3차원으로 해당 시안을 모델링하여 바라볼 수 있기 때문에 상품이 출시되기 전 그 모양새를 파악할 수 있다는 장점이 있으나, 프린트 기간이 굉장히 길어서 비효율적입니다","F",""
"1","3D 프린팅에 대해 설명해 주세요.","3D프린터에 사용되는 재질은 보통 알루미늄과 같은 소재를 사용합니다. 해당 소재는 불에 쉽게 녹아 재사용이 가능하기 때문에 프린팅이 제대로 안되었거나 디자인에 대한 미흡한 점이 생길 경우 쉽게 수정이 가능하다는 장점이 있습니다","F",""
"1","3D 프린팅 기술의 응용분야에 대해 설명해 주세요.","3D프린팅 기술을 응용한 시장이 다양해지고 있습니다. 개인 개발자는 가정에서 실제 활용할 수 있는 액세서리 시장에서 기회를 보고 있고, 우주항공 분야에서는 우주식량과 우주건축 기술에 3D프린터를 적용하는 방법을 연구 중입니다. 부엌의 식품 조리 영역에 3D프린터 기술을 도입하려는 독특한 움직임도 주목할 만합니다.","P","우주항공 분야에서 3D 프린팅 기술을 어떻게 활용할 수 있을지 설명해 주세요."
"1","3D 프린팅 기술의 응용분야에 대해 설명해 주세요.","3D 프린팅은 첨단 과학 분야에서 빛을 발합니다.  물질을 살아 있는 조직에 붙이고 약물을 조금씩 배출하면 기능이 약해진 기관을 강화하거나 고칠 수 있습니다. 영국 연구진은 인간 배아 줄기세포 복제에 성공했다. 3D 프린팅 기술이 제조업을 넘어 의학으로 진화하면서 관련 시장도 폭발적으로 성장할 태세입니다.","P","의학분야에서 3D 프린팅 기술이 사용될 때 유의해야 할 사항에 대해 설명해 주세요."
"1","3D 프린팅 기술의 응용분야에 대해 설명해 주세요.","주로 3D 프린팅은 약품에서 사용되고 있습니다. 인간의 체내를 프린팅하여 해당 약품이 어떤 방식으로 신체에서 작용하는지를 파악하기 용이하며, 의학분야에서도 수술에 대한 모델링을 할 수 있어 각광받고 있습니다.","F",""
"1","3D 프린팅 기술의 응용분야에 대해 설명해 주세요.","현재 가장 3D프린팅을 빈번하게 사용하고 있는 곳은 교육분야입니다. 이를 통해 통섭적인 학생의 이해를 도울 수 있으며, 교육의 수준도 고양되고 있기 때문입니다. 또한 체험적인 요소로서도 사용될 여지가 충분하여 빈번하게 사용되고 있습니다.","F",""
"1","3D 프린팅 기술의 응용분야에 대해 설명해 주세요.","소상공인들도 3D프린팅을 사용하고 있습니다. 주로 제작을 담당하는 소상공업자 예를 들어 악세사리를 만드는 소상공업자들은 3D프린팅을 이용하여 저렴하게 악세사리를 제작하여 판매하기도 합니다. 다만, 해당 제품이 지나치게 내구성이 떨어져서 현재는 원칙적으로 이를 금하고 있습니다","F",""
"1","3D 프린팅 기술의 응용분야에 대해 설명해 주세요.","3D 프린팅 기술은 시간적 · 경제적인 효율성과 정확성으로 기계나 산업 분야의 시제품 개발에 사용되어 왔습니다. 그러다 아이폰 케이스, 램프, 문손잡이, 보석, 핸드백, 향수병 등 다양한 제품에 적용되고 있습니다. 또한 건축, 예술뿐 아니라 바이오 산업과 결합해 인체 등으로 확대되고 있는 추세입니다.","P","3D 프린팅이 다양한 제품에 적용이 가능한 이유에 대해 설명해 주세요."
"2","시제품에 대해 설명해 주세요.","시제품은 적절한 컨셉을 개발하고 정보에 의한 의사 결정을 촉진하는 수단으로 이용되며 궁극적으로 생산과 개발 기간이 길어지고 많은 비용이 소모되는 것을 막아줍니다. 최근에는 시제품 제작 이전에 CAD 시스템으로 시각적 모델을 만드는 것에 많은 시간이 할애됩니다. 그러나 상세한 시제품은 최종 제품을 적절하게 만들어내는 수단으로서 중요합니다.","P","CAD 시스템과 시제품의 연관성에 대해 설명해 주세요."
"2","시제품에 대해 설명해 주세요.","시제품의 숫자는 프로젝트의 규모나 예산에 따라 크게 달라지며 전혀 제작되지 않는 경우가 있는가 하면 수천개에 이르는 경우도 있습니다. 개념화에서 최종 모델까지의 형태와 구성, 소재, 생산방법에서 복잡성의 정도는 만들어진 시제품의 숫자에 영향을 받습니다. 시제품은 잠재적인 문제를 밝혀내는 시각적 수단입니다.","P","시제품이 잠재적 문제를 밝혀내는 시각적 수단이라는 의미에 대해 자세히 설명해 주세요."
"2","시제품에 대해 설명해 주세요.","시제품이란 최종제품이 나오기 전 최종 제품에 대한 맛보기 제품이라고 이해됩니다. 그러나 시제품의 경우 최종제품과 차이가 큰 경우가 많기 때문에, 현재는 시제품을 사용하기 보단, 컴퓨터 내부에서 시뮬레이션을 돌리는 경우가 더욱 많습니다","F",""
"2","시제품에 대해 설명해 주세요.","시제품은 최종제품을 만들기 전 제품에 발생하는 문제를 정확하게 진단할 수 있는 기능을 합니다. 따라서 시제품은 최대한 구체적으로 구성되어야 하며, 그 구성이나 소재 생산방법역시 최종제품과 동일하게 진행되어야 합니다. 따라서 효율적이지 못하다는 단점은 가지고 있습니다","F",""
"2","시제품에 대해 설명해 주세요.","시제품의 숫자는 예산에 따라 천차만별이지만, 전혀 제작되지 않는 경우는 없습니다. 해당 경우라면 최종 제품으로 나아가지 않는 프로세스를 거치거나 혹은 제품 자체의 고유 특징을 전환시키는 과정을 거칩니다. 따라서 시제품의 유무에 따라서 최종제품의 유무를 추측할 수 있습니다","F",""
"2","시제품에 대해 설명해 주세요.","의사전달을 위한 수단으로서의 시제품은 모든 팀원들에게 생산 이전에 제품에 대해 확인할 수 있는 실체적인 방법을 제공합니다. 시제품은 생산과 마케팅, 유통, 수익 창출을 이룰 수 있는 제품의 잠재력을 결정하는데 도움을 줍니다. 시각적 정체성이 만들어지며 확신하는 특성의 타당성에 대해 논의할 수 있습니다.","P","시제품의 의사전달 효과에 대해 설명해 주세요."
"2","소재 선정에 있어서 고려해야 할 사항에 대해 설명해 주세요.","주어진 프로젝트를 위한 소재의 선정은 내구성과 지속 가능성, 형태 성형과 관련된 물리적 특질들에 의해 영향을 받으며 디자이너와 실수요자에 의해 규정된 미학적 성격에 중요한 요소입니다. 소재 기술의 역사적 발전은 제품 디자인 방법을 꾸준히 발전시켜왔습니다. 산업화된 생산 방법과 컴퓨터화는 소재의 다양화에 영향을 끼쳤습니다.","P","산업화가 디자인 소재에 미친 영향을 자세히 설명해 주세요."
"2","소재 선정에 있어서 고려해야 할 사항에 대해 설명해 주세요.","소재 개발은 보통 어떤 독특한 것의 과학적 형성이나 잊혀졌거나 유행에 뒤떨어진 과거의 소재를 재적용 또는 재사용하는 데서부터 서서히 전개됩니다. 소재 개발은 디자이너에게 결정적인 것을 만들어 낼 즉 이전에 결코 보지 못한 어떤 것을 제공할 기회를 마련합니다.","P","소재의 재사용에 대한 예제를 설명해 주세요."
"2","소재 선정에 있어서 고려해야 할 사항에 대해 설명해 주세요.","소재선정은 제품 디자인에 중점적으로 실행되어야 합니다. 소재가 튼튼할 경우 제품 구입 후 소비자가 재구매 의사가 발생하지 않기 떄문에 시장이 침체될 우려가 있습니다. 따라서 소재선정은 내구성이 약하며 제품 디자인을 최우선하는 방향으로 진행됩니다","F",""
"2","소재 선정에 있어서 고려해야 할 사항에 대해 설명해 주세요.","소재 선정에 있어 가장 고려해야할 사항은 내구성입니다. 내구성이 좋으면 소비자의 만족도가 올라갑니다. 따라서 심미성과 내구성이 충돌할 경우 내구성을 최우선으로 하며, 소비자 역시 아름다움보다 튼튼함을 우선적으로 생각합니다","F",""
"2","소재 선정에 있어서 고려해야 할 사항에 대해 설명해 주세요.","소재는 기존에 해당 제품에 사용되지 않았던 소재를 우선적으로 사용함으로써 발전합니다. 따라서 해당 제품과 어울리지 않는 소재라고 할지라도 그 소재를 통하여 우선 제품을 제작하여야 시장의 활성화로 이어질 수 있습니다.","F",""
"2","소재 선정에 있어서 고려해야 할 사항에 대해 설명해 주세요.","소재는 디자인 프로세스에만 영향을 미치는 것이 아니라 다양한 감성적 감응을 일으킵니다. 흥미로운 소재의 응용은 실체의 질감 관련해 훌륭한 형태를 제공합니다. 소재 선정은 신비감이나 모호함을 만들어내는 비결이기도 합니다. 디자인혁신의 길을 마련해 주는 것은 새로운 소재만은 아닙니다.","P","흥미로운 소재를 통해 신비감이나 모호함을 만들어 낼수 있다는 의미에 대해 자세히 설명해 주세요."
"1","패키지 디자인의 목적에 대해 설명해 주세요.","제품을 보호하고 운반과 정리, 사용에 편리하게 하려는 디자인의 일종입니다. 상품의 선전과 구매의욕을 생기게 하고 제품을 더욱 미적으로 시각화하려는 것이 목적입니다. 우리는 패키지를 뜯고 쉽게 휴지통에 버리지만 그것이 만들어지는 과정은 결코 단순하지 않으며 무수한 시행착오를 통해 개선돼 최적화된 것들입니다.","P","패키지가 구매의욕을 불러일으킨다는 의미에 대해 자세히 설명해 주세요."
"1","패키지 디자인의 목적에 대해 설명해 주세요.","대부분의 사람들은 브랜드를 분명하게 인식시켜주는, 고유한 인식표가 달린 패키지를 돈을 주고 선택합니다. 한낱 인쇄된 종이에 불과하지만 패키지는 곧 상품의 얼굴이나 마찬가지 입니다. 이에 패키지는 그 안에 담긴 상품의 아이덴티티를 분명하게 드러내야 합니다. 그리고 경쟁 상품과도 차별화되어야 합니다.","P","패키지 외 상품의 아이덴티티를 드러낼 수 있는 것에 대해 설명해 주세요."
"1","패키지 디자인의 목적에 대해 설명해 주세요.","패키지 디자인이란 디자인 프로세스가 복잡해짐에 따라서 프로세스를 통합하거나 단계적인 과정이 아니라 수평적으로 동시다발로 진행되는 프로세스를 가진 경우를 말합니다. 해당 목적은 제품의 제작 속도를 기하급수적으로 늘리기 위해서 입니다.","F",""
"1","패키지 디자인의 목적에 대해 설명해 주세요.","패키지란 브랜드 디자인으로 이해될 수 있습니다. 사람들이 사치적인 목적이나 브랜드 충성도의 이유로 제품을 구매하는 것에서 착안하여 해당 제품을 만든 뒤 브랜드 업체랑 협업하여 해당 제품을 해당 업체의 브랜드의 것으로 소개하는 것입니다. 그러나 이는 독과점을 야기할 수 있어 현재는 금지되고 있습니다","F",""
"1","패키지 디자인의 목적에 대해 설명해 주세요.","패키지란 제품을 구매할 시 비슷하거나 관련없는 제품을 합쳐서 끼워파는 형식을 말하며 패키지 디자인이란 어떤 제품을 함꼐 팔것인가를 구성하는 행위를 말합니다. 따라서 패키지 디자인의 목적은 재고수량을 줄이기 위해서 존재합니다","F",""
"1","패키징의 기능에 대해 설명해 주세요.","패키징의 기본적인 기능은 포장의 보호성 ·상품성 ·편리성 ·심리성 및 배송성에 있습니다. 종전에는 포장의 기능 및 중요성을 보호성에 두어왔고 또한 그것으로 충분하였으나, 오늘날에는 그것이 더욱 확대되어 판매촉진 기능에 중점을 두고 있습니다. 포장이 완료되어야 상품화 되었다고 볼 수 있습니다.","P","패키징의 보호성과 편리성에 대해 자세히 설명해 주세요."
"1","패키징의 기능에 대해 설명해 주세요.","오늘날에는 판매촉진을 위해 편리한 포장, 내용물을 쉽게 끄집어 낼 수 있는 포장등이 판매상의 강조점이 되어 포장의 편리성도 중시되고 있습니다. 또한 셀프 서비스제에 의한 판매방식의 점포에서는 소비자가 포장을 보고 구매결정을 하는 것과 같이 구매심리상의 작용도 포장이 수행하므로 구매심리를자극하는 포장의 심리성도 중요한 기능의 하나입니다.","P","포장의 심리성을 소비자의 구매와 연관시켜 설명해 주세요."
"1","패키징의 기능에 대해 설명해 주세요.","패키징이란 재고가 많이 남은 제품의 경우 신제품 혹은 시장에서 높은 가치로 평가받고 있는 제품을 묶어서 판매하는 행위를 말합니다. 오늘날에는 이를 더 확대하여, 제품 자체의 재고를 0으로 만들기 위해 노력하는 모든 행위를 패키징이라고 규정하고 있습니다.","F",""
"1","패키징의 기능에 대해 설명해 주세요.","식품포장에서 제품의 부패나 오염을 방지하기 위해서 포장을 여러번 하는 경우가 존재하는데 이를 패키징이라고 합니다. 따라서 패키징은 유통과정에 대한 소비자의 신뢰를 얻기 위해서 기능하지만 식품이 아닌 다른 제품에서는 비효율적이어서 사용하고 있지 않습니다.","F",""
"1","패키징의 기능에 대해 설명해 주세요.","포장에도 소비자의 심리가 작용됩니다. 좋게 포장되어 있는 제품은 해당 포장이 소비자의 이목을 끌어 소비로 이어지게 합니다. 따라서 최근 기업은 제품보다 패키징에 우선을 두고 디자인 프로세스를 진행하는 경우가 더 많아지게 되었습니다","F",""
"1","패키징의 기능에 대해 설명해 주세요.","생활의 다양화, 식생활의 향상과 아울러 가공식품의 증대는 식품포장에도 큰 변화를 가져오고 있습니다. 인스턴트 식품의 포장, 사용 후에 버리는 것을 전제로 하는 물품포장의 일반통행화는 편리성을 추구하는 경향에 비추어 확대될 가능성이있으며, 화장품 등과 같은 무드 상품의 포장은 호사화 경향을 보입니다.","P","호사화의 의미를 설명해 주세요."
"2","패키징을 개장, 내장, 외장으로 나눠서 설명해 주세요.","개장이란 물품을 직접 싸기 위한 포장으로서 대개는 제조공정의 마지막 단계에 제품에 적용됩니다. 이는 단순히 제품의 보호라는 기술적인 요구만을 충족시키는 것이 아니고, 포장재료 또는 용기에 포장된 것이 상점에 진열되어 구매자의 구매의욕을 자극하는 세련된 디자인이라는 시각적인 목적도 지닙니다.","P","내장, 외장보다 개장이 시각적 목적을 달성하기 유리한 이유를 설명해 주세요."
"2","패키징을 개장, 내장, 외장으로 나눠서 설명해 주세요.","내장이란 개장된 물품을 상자 등과 같은 용기에 넣는 포장으로 포장된 화물의 안쪽에 시장되는 것입니다. 이는 개장이나 외장보다 복잡하여 고도의 기술이 요구됩니다. 이에는 특수한 목적 없이 일반적으로 시장되는 일반 내장과 특수한 목적을 가지는 내장이 있습니다.","P","일반내장과 특수한목적의 내장을 비교해서 설명해 주세요."
"2","패키징을 개장, 내장, 외장으로 나눠서 설명해 주세요.","패키징은 제품을 어떤 방식으로 포장할 것인지를 의미하며 개장,내장,외장으로 분류됩니다.내장의 경우 제품 자체의 포장, 외장의 경우 제품을 포함한 상자에 대한 포장을 말하며 개장의 경 해당 제품을 어떤 방식으로 전시해놓을 것인지입니다","F",""
"2","패키징을 개장, 내장, 외장으로 나눠서 설명해 주세요.","패키징은 소비자의 구매의욕을 자극하는 세련된 디자인을 제공하는 것을 최우선의 목표로 합니다. 이중 가장 중요한 것은 외장패키징으로 구매전에 소비자가 확인할 수 있는 패키징이기 떄문입니다. 또한 내장과 개장 패키징은 그닥 중요한 패키징이 아닙니다","F",""
"2","패키징을 개장, 내장, 외장으로 나눠서 설명해 주세요.","내장은 물품을 상자 등과 같은 용기에 넣는 행위를 말합니다. 외장의 경우 해당 제품이 용기 이외의 것에서 포장되는 것을 말합니다. 즉 내장->외장->개장의 방식으로 패키징은 이어지는데, 내장이 가장 패키징 가격이 저렴하며 개장이 가장 비쌉니다.","F",""
"2","패키징을 개장, 내장, 외장으로 나눠서 설명해 주세요.","외장이란 수송을 위한 포장으로서 각종 용기에 상품을 넣어 포장하는 것입니다. 종래에는 나무상자로 포장하는 것이 일반적이었으나 오늘날에는 목재자원절약과포장합리화의 관점에서 골판지상자나 철사를 이용한 포장이 늘어나고 있으며, 합성수지의 개발 ·발전으로 플라스틱 용기가 널리 사용되고 있습니다.","P","과포장합리화에 대해 설명해 주세요."
"1","디자인 요소에서의 색상에 대해 설명해 주세요.","색상은 대단히 전문적인 연구분야로 제품디자인에서 진지하게 다루어져야 하는 영역입니다. 색상은 우리의 기분과 행동에 심리학적 영향력을 가지며 우리가 환경에 감응하는 방법에 영향을 줍니다. 색상은 단순한 시각적 표시만은 아니며 무의식 수준에서 심리에 영향을 끼칩니다.","P","색상이 무의식에 끼치는 영향에 대해 자세히 설명해 주세요."
"1","디자인 요소에서의 색상에 대해 설명해 주세요.","표색계는 색상 연구에서 차이와 유사점을 확인하고 규정하고 유지하는데 도움을 줍니다. 먼셀 표색계는 가장 광범위하게 사용되는 색상 표시방법입니다. 먼셀 표색계는 색상의 전체 스펙트럼을 보유하고 있는 구를 모형으로 삼아 색조, 명도, 채도 세 측면의 숫자 값을 이용해 색상을 표시했습니다.","P","먼셀표색계에 대해 설명해 주세요."
"1","디자인 요소에서의 색상에 대해 설명해 주세요.","디자인 요소에서 색상은 매우 중요합니다. 단색을 이용하는 디자인이 많이나오고 있는 실정에서 색상만으로도 소비자는 심미적 안정감을 취할 수 있기 떄문입니다. 따라서 색상에 대한 연구는 디자인에서 필수불가결하며, 색상을 결정하면 디자인은 최종단계로 진행됩니다","F",""
"1","디자인 요소에서의 색상에 대해 설명해 주세요.","창의적인 디자인을 위해서는 기존에 없던 색상을 사용해야합니다. 소비자는 언제나 색상에 노출되어 일상을 살아가기 때문에 기존에 없는 색을 마주하면 그 자체로 심미적인 느낌을 받기 떄문입니다. 또한 창의적 디자인일지라도 색상이 기존의 것이라면 심미성이 떨어지기도 합니다","F",""
"1","디자인 요소에서의 색상에 대해 설명해 주세요.","디자인 요소에서 색상은 과거에는 중요했으나 현재는 구성요소의 하나로서만 기능합니다. 패턴화된 디자인이 많이 등장함에 따라서 색상보다는 제품과의 조화로운 패턴이 무엇인지에 소비자의 니즈가 집중되어지고 있기 때문입니다","F",""
"1","디자인 요소에서의 색상에 대해 설명해 주세요.","어느 일정한 색상의 선정은 사용중인 물건과 최종 사용자의 환경에 있는 물건과의 적합성에 의해 결정됩니다. 선명한 색상은 주의를 끄는 강한 효과를 주지만 판매에도 동일한 영향을 주는 것은 아닙니다. 색상은 제품을 강조하고 강화할 수 있고 상세함을 손상시킬 수 있으며 일반적인 형상을 통일되게 할수도 있고 단순화할 수도 있습니다.","P","색상이 특정 내용을 강조할 수 있는 방안에 대해 설명해 주세요."
"1","편집디자인에 대해 설명해 주세요.","주로 책자 형식의 인쇄물을 시각적으로 구성하여 독자에게 정보를 적절히 제공하기 위한 시각 디자인의 한 분야로 편집 디자인은 책의 지면을 디자인하는 의미 뿐만 아니라, 독자의 독서 행위를 고려하면서 글과 사진 및 일러스트레이션, 책의 구조적인 디자인, 인쇄와 제본 방식을 결정하는 포괄적 디자인 행위를 지칭합니다.","P","포괄적 디자인의 의미에 대해 설명해 주세요."
"1","편집디자인에 대해 설명해 주세요.","편집 디자인이라는 용어는 1920년대 미국에서 쓰이기 시작하면서 초기에는 잡지 디자인으로 대표되었으나, 사회문화적 환경의 변화와 기술과 매체의 다양화에 따라 잡지, 신문, 책, 브로슈어 등 다양한 인쇄물로 범위가 확대되고 편집 디자인의 의미 역시 확장되었습니다.","P","편집디자인이 초기에 잡지디자인으로 대표된 이유에 대해 설명해 주세요."
"1","편집디자인에 대해 설명해 주세요.","편집디자인이란 인쇄물에서 자주보이는 것으로 어떤방식으로 인쇄물을 배치할 것인지를 디자인하는 것을 의미합니다. 그러나 모바일 기기가 발전함에 따라서 편집 디자인에 대한 의미가 퇴색되어 현재는 디자인의 종류로 기능하지 못하고 있습니다","F",""
"1","편집디자인에 대해 설명해 주세요.","편집디자인은 책의 지면을 디자인 하는 것을 말합니다. 소비자의 인쇄물을 읽는 방식은 개인마다 너무 상이하기 때문에 소비자의 독서 행위를 고려하는 것은 비현실적이기 때문에 편집디자인은 인쇄와 제본 방식에 국한되고 있습니다","F",""
"1","편집디자인에 대해 설명해 주세요.","편집디자인은 인쇄물에 대한 소비자의 호기심을 높이기 우해서, 제품이 전시되어 있을 때 소비자가 바라보는 표지에서 일어나는 디자인 행위입니다. 주로 인쇄물의 주제 혹은 하이라이트와 밀접하게 관련이 있으며, 한 눈에 해당 인쇄물에 모든 정보를 기입해놓아야합니다","F",""
"1","편집디자인에 대해 설명해 주세요.","편집 디자인은 출판 디자인과 같은 말로 쓰이기도 하는데, 일반적으로 신문 디자인, 잡지 디자인, 책 디자인, 브로슈어, 카탈로그 등의 소형 인쇄물 디자인 등의 분야로 구분됩니다. 독자의 흥미를 이끌도록 시각적으로 효과적인 그림이나 사진 등을 정리, 배열, 편집 또는 계획합니다.","P","편집디자인이 소형인쇄물디자인 분야에서 강조되는 이유에 대해 설명해 주세요."
"1","타이포그라피에 대해 설명해 주세요.","타이포그래피란 글자를 의미하는 그리스어 ‘typo’에 어원을 두고 있으며, 전통적으로 활판인쇄술과 관련하여 글자의 활자 및 조판의 디자인을 의미하는 말이었으나, 미디어가 확장됨에 따라 볼록판 인쇄나 금속 활자 인쇄가 지배적이지 않은 현대의 디자인에서는 훨씬 넓은 의미를 갖게 되었습니다.","P","현대의 디자인에서 타이포그라피가 갖는 넓은 의미에 대해 설명해 주세요."
"1","타이포그라피에 대해 설명해 주세요.","좁은 의미에서는 활자를 사용한 디자인 또는 조판 중심의 기술과 미학을 가리키고, 넓은 의미에서는 활판 인쇄술, 글자꼴의 디자인 등을 모두 포괄하는 총체적인 조형적 활동을 말합니다. 타이포그래피는 시각 커뮤니케이션 디자인의 핵심적인 영역으로서 포스터나 광고, 아이덴티티 디자인 등 커뮤니케이션을 담당하는 모든 시각 디자인 영역의 중심축으로 작용합니다.","P","조형적 활동이 의미하는 내용이 무엇인지 설명해 주세요."
"1","타이포그라피에 대해 설명해 주세요.","타이포그래피란 활자를 통해 글자의 그래픽 표현을 하는 것을 칭합니다. 글자의 결과물인 글씨뿐만 아니라 글자를 생성하기 위해서 글을 쓰는 행위나 타이핑을 하는 행위를 총칭하여 타이포그래피라고 합니다. 하지만, 그 행위에서 문자가 아닌 그림과 같은 그래픽이 나올 경우 타이포그래피라고 볼 수 없습니다.","F",""
"1","타이포그라피에 대해 설명해 주세요.","타이포그래피를 정의하기 위해서는 필자의 사용여부가 굉장히 중요합니다. 어떤 재료나 표면으로 디자인하는 것과는 관계없이 글자의 그래픽 표현이 타이포그래피이기 때문입니다. 또한 타이포그래피는 기능적인 효과와 동시에 디자인에 담긴 정보를 전달하는 기능을 수행해야 합니다.","F",""
"1","타이포그라피에 대해 설명해 주세요.","타이포그래피를 캘리그라피와 혼동하는 경우가 존재합니다. 두 디자인 방식이 모두 글자를 토대로 형성된다는 공통점이 있지만 캘리그라피는 시각적 아름다움에 대한 디자인을 중심으로 형성되고 타이포그래피는 정보전달의 효율성을 보다 우선시하는 점에서 차이점이 존재합니다. 단, 두 대상은 배중률 관계가 아니어기 때문에 공존가능합니다.","F",""
"1","타이포그라피에 대해 설명해 주세요."," 또한 컴퓨터, 인터넷, 멀티미디어 등 디지털 커뮤니케이션 미디어가 발달한 환경에서도 글자로 보여지는 언어나 정보를 지면이나 화면에 구성하여 읽는 사람에게 적절하게 전달하는 타이포그래피의 본질적인 기능은 여전히 중요하며, 오늘날에도 타이포그래피의 구실과 가치를 더욱 확장시키고 있습니다.","P","타이포그라피의 확장된 구실에 대해 예제를 설명해 주세요."
"1","간판디자이너의 역할에 대해 설명해 주세요.","고객과 옥외광고물의 형태와 광고의 목적 등을 협의하고 현장 조사를 통해 주변 건물 및 건물의 현황, 주변 간판, 설치할 위치, 높이, 크기, 부착방법 등을 파악합니다. 이후 설치형태, 네온 및 조명장치 사용 여부, 간판에 사용될 문구, 업종, 광고목표, 광고물 관련 규정 및 인허가 관련 사항 등을 종합적으로 검토하여 간판을 디자인 합니다.","P","간판이 광고의 역할을 수행한다는 의미에 대해 자세히 설명해 주세요."
"1","간판디자이너의 역할에 대해 설명해 주세요.","간판을 제작하기 위해 각종 도안도구 및 컴퓨터 그래픽 프로그램을 사용하여 디자인 시안을 제작합니다. 고객 또는 다른 디자이너와 회의를 통해 시안을 검토하고 수정하여 완성하고 제작 및 설치 실무자와 사용재료, 제작기법, 부착방법 등을 협의하고 현장에서 설치를 감독합니다.","P","간판디자이너가 수행하는 설치작업에 대해 구체적으로 설명해 주세요."
"1","간판디자이너의 역할에 대해 설명해 주세요.","간판이란 소상공업에서 소비자의 이목을 집중시키는 핵심 요소로 작용합니다. 따라서 소상공업인은 간판 디자이너를 고용하여 해당 간판의 매력도를 높이는 것을 좋아하지만, 소상공업 외에는 간판 디자인이 큰 의미를 차지하지 않습니다.","F",""
"1","간판디자이너의 역할에 대해 설명해 주세요.","간판디자이너란 간판을 전문적으로 디자인하는 직업인을 의미하며, 주로 타이포그래피를 전문적으로 하지만 현재는 미디어가 발달함에 따라서 타이포그래피뿐만 아니라 다양한 디지털 커뮤니케이션 미디어를 사용하기 떄문에, 간판에 대한 수요가 줄어들어 현재는 타이포그래피를 전문적으로 하는 사람만을 의미하게 되었습니다","F",""
"1","간판디자이너의 역할에 대해 설명해 주세요.","간판을 제작하기 위해서는 디자인 시안이 중요한데 이에 대한 전문가를 간판디자이너라고 합니다. 또한 간판은 다른 디자인제품과 다르게 시제품이 최종제품이 되는 경우가 많으며, 수정이 크지 않아 신속한 처리가 가능하다는 장점이 있습니다","F",""
"1","패션디자인의 개념과 정의에 대해 설명해 주세요.","패션디자인은 옷과 장신구에 관한 디자인 및 미학 응용 분야입니다. 패션은 신체를 바꾸는 특별한 형태이고, 패션디자인은 사회 문화적 영향을 받으며 시간과 장소에 따라 다양합니다. 패션디자인의 의미를 생각할 때 주변 사람들과의 관계를 고려해야 합니다. 특히 사람과 의상의 상호 관련성을 고려해야 합니다.","P","패션이 사회문화적영향을 받는 다는 의미에 대해 설명해 주세요."
"1","패션디자인의 개념과 정의에 대해 설명해 주세요.","패션디자인은 의상, 그 의상의 착용자, 그리고 보는 자와의 3자의 상호관계를 고려해야 합니다. 만약, 패션 디자인이 보는 자의 존재를 무시하고 착용자의 의상의 두 가지 관계만으로서 처리되었다고 하면 그 의상은 독선으로 개성과잉의 결과를 초래할 것입니다.","P","패션디자인이 착용자를 고려한다는 것에 대해 자세히 설명해 주세요."
"1","패션디자인의 개념과 정의에 대해 설명해 주세요.","패션 디자인은 의류에 대한 디자인을 주로 의미하지만 패션의 개념이 확대됨에 따라서 자동차 부동산과 같이 사치품으로 규정되고 있는 모든 상품에 대한 디자인으로 의미가 확대되고 있습니다. 따라서 현재는 이를 디자인이라는 용어로 통칭하기도 합니다","F",""
"1","패션디자인의 개념과 정의에 대해 설명해 주세요.","패션이란 개인이 의류를 멋스럽게 입기 위한 모든 행위를 의미하며 패션 디자인은 이를 성취시켜주는 디자인입니다. 따라서 패션 디자인은 다수의 패턴을 사용하거나 브랜드 로고를 사용하여 최대한 화려한 디자인을 하려는 의도를 지니고 있습니다","F",""
"1","패션디자인의 개념과 정의에 대해 설명해 주세요.","패션은 해당 제품의 가치를 취급하지 않는 비합리적인 행위입니다. 패션 디자인으 이러한 비합리적 상황에 대한 적응방식으로 등장하였습니다 패션 디자인이 활성화됨에 따라서 제품의 품질보다는 시각적인 만족감에 우선시되는 디자인이 자주 등장하게 되었습니다","F",""
"1","패션디자인의 개념과 정의에 대해 설명해 주세요.","패션디자인의 본질은 사회의 관습이나 도덕과 관련하여 입는 사람이나 보는 사람에게 안정된 느낌을 주고 실용적, 사회적, 심미적, 도덕적인 면에 합치되는 표현이라고 할 수 있습니다. 예컨대 현대생활에 있어서 복장의 본질적 요인을 살펴보면, 인간으로써 생활하는 데 필요한 기본 욕구, 생리적 욕구를 만족시키고 활동에 용이하게 하는 것이 실용적·합리적·기능적 요인에 해당합니다.","P","패션디자인의 도덕적 표현에 대해 구체적으로 설명해 주세요."
"2","패션과 유사한 개념 중 한가지를 선택해서 설명해 주세요.","패션 중에서 가장 수명이 짧고 유치하며, 젊은이에게 갑자기 어필하는 패션이 fad 입니다. 대체로 초기에는 급속히 전파되나 곧 사라져 버린다. fad는 종종 영화를 통해 등장합니다. fad는 곧 사라져 버릴 것으로 생각하여 가볍게 생각하기 쉬우나 어떤 스타일이나 처음에는 fad로 출발한다는 점을 간과해서는 안됩니다.","P","Fad가 급속히 전파될 수 있었던 이유를 설명해 주세요."
"2","패션과 유사한 개념 중 한가지를 선택해서 설명해 주세요.","style이란 의상에 있어서의 어떤 특징을 가진 독특한 형태를 말합니다. 시대가 변함에 따라 유행은 바뀌지만 이와 같이 독특한 성격을 띤 스타일 자체는 변하지 않습니다. 때때로 이러한 스타일은 룩(look)의 기원이나 특정 룩이 시작된 시기를 묘사하는 말로 사용되기도 합니다.","P","룩의 의미에 대해 자세하게 설명해 주세요."
"2","패션과 유사한 개념 중 한가지를 선택해서 설명해 주세요.","패션과 스타일은 항상 유사하게 묶이고 있습니다. 현재는 동등한 개념으로 사용되고 있으며, 굳이 둘의 차이점을 찾자면 패션의 경우 한 개인이 입는 모든 의류를 총칭하는 명칭으로 사용된다면 스타일은 그 의류와 더불어 해당 개인의 핏이나 머리스타일까지 포함합니다","F",""
"2","패션과 유사한 개념 중 한가지를 선택해서 설명해 주세요.","패션과 유사한 개념으로는 유행이 있습니다. 패션 자체가 유행에 따라서 급격하게 변화하는 특징을 지니고 있기 때문에 사회학적으로는 패션을 유행과 동의어로 취급하여 현재는 유행 디자인이라고도 패션 디자인을 정의하고 있습니다","F",""
"2","패션과 유사한 개념 중 한가지를 선택해서 설명해 주세요.","패션과 클래식은 의상 뿐 아니라 여러 제품 들에도 사용되고 있습니다. 클래식과 같은 경우는 패션이 변동점이 없이 그대로 흐름을 유지하는 것을 말하며 패션은 유행에 민감하게 반응하여 그 형태나 본질이 변경되는 것을 의미합니다","F",""
"2","패션과 유사한 개념 중 한가지를 선택해서 설명해 주세요.","classic이란 흔히 말하는 고전이라는 뜻이라기보다는 의상에서 유행을 타지 않고 오랫동안 성격이 다른 많은 그룹의 사람들이 채택하여 지속되는 스타일을 뜻합니다. 이러한 스타일은 디자인이 단순하고 기본적이며 보편적입니다. classic의 예로는 전통적인 테일러드 재킷, 트렌치코트 등이 있습니다.","P","클래식이 가지는 보편적인 성향에 대해 설명해 주세요."
"2","패션 디자인의 특성에 대해 설명해 주세요.","세계적으로 의류 산업이 무한 경쟁시대로 접어들면서 디자인 및 패션은 상상력, 창의력, 감성, 예술 등 문화적 요소가 기반이 되어 상품화되는 지식 및 문화서비스 산업으로서 그 중요성이 증대되었습니다. 시대적으로 패션디자인은 하나의 미술적·예술적 체험이며 직관에 의해서 파악될 수 있는 개개의 이상적인 조화의 세계입니다.","P","패션디자인이 문화서비스산업인 이유에 대해 설명해 주세요."
"2","패션 디자인의 특성에 대해 설명해 주세요.","패션디자인은 조형에 의한 공간배치이며 그 배치에 소재를 적용하고 색상을 입혀 구체적으로 형상화한 조형 활동의 결과입니다. 그렇기 때문에 패션디자인은 실루엣, 색상, 소재, 디테일, 트리밍 등의 패션디자인 요소와 디자인 원리들을 서로 조화롭게 연관시켜야 효과적입니다.","P","디자인의 원리들에 대해 자세히 설명해 주세요."
"2","패션 디자인의 특성에 대해 설명해 주세요.","패션 디자인의 특징은 시의성입니다. 간혹 시의성이 없는 패션을 만들기 위해서 디자이너들이 단색 계열의 의류를 통해 최대한 클래식한 디자인을 선보이지만, 이 역시 시의성이 존재하며 1년 단위로 급격하게 바뀌는 패션' 디자인의 흐름에 약간 뒤쳐질 뿐입니다","F",""
"2","패션 디자인의 특성에 대해 설명해 주세요.","패션 디자인의 특징은 실용성보다 심미성이라는 특징이 있습니다. 나아가 이를 과하게 적용하면 실용성이 존재하지 않는 패션 디자인 또한 존재합니다 즉 의류지만 의류로서 기능을 하지 못하는 패션이 등장하기도 하는 실정입니다","F",""
"2","패션 디자인의 특성에 대해 설명해 주세요.","패션 디자인은 의류뿐만 아니라 조형의 배치에도 사용되지만, 조형의 배치의 경우에는 색상의 조화나 질감의 조화역시 고려해야되기 때문에 의류보다 광범위한 디자인 범위를 가지고 있습니다. 그러나 조형의 경우 단색계열의 제품만을 사용해야한다는 한계가 있습니다","F",""
"2","패션 디자인의 특성에 대해 설명해 주세요.","패션디자인은 독자적인 조형물로 미적 측면과 그 용도에 적합한 실용적 측면이 반드시 요구됩니다. 따라서 패션디자인의 프로세스는 패션디자인의 요소와 원리에 입각하여 표현되며 숙련된 기술에 의하여 그 형태가 구체화 됩니다. 즉 패션디자인은 디자인의 조건인 용과 미를 기본조건으로 하면서 디자인의 요소와 원리 및 기술의 총합에 의해 성립됩니다.","P","패션디자인에서 필요로하는 숙련된 기술에는 무엇이 있을까요?"
"2","패션디자인을 예술적, 실용적, 기술적 측면에서 설명해 주세요.","패션디자인은 실용성을 전제로 하지만 기본적으로 소비자의 심미적 가치와 심리적 요인을 충족시켜야 하기 때문에 예술적 성격이 강합니다. 따라서 패션디자인의 경쟁력을 결정짓는 중요한 요인 중의 하나는 소비자의 감정적 트렌드를 파악하고 이를 디자인으로 표현할 수 있는 정보해석 능력과 예술적 표현이 중요합니다.","P","감정적 트렌드를 파악하기 위한 방안에 대해 설명해 주세요."
"2","패션디자인을 예술적, 실용적, 기술적 측면에서 설명해 주세요.","패션디자인의 실용성은 인간생활 활동의 편리를 위한 요소이며 기능에의 적합성입니다. 옷의 기능성이 뛰어나면 당연히 실용성이 높아지나, 반대로 기능성이 떨어지면 실용성이 저하될 수 있으므로 옷의 기능은 신체 각 부위의 활동성을 향상시킬 수 있어야 합니다.","P","옷의 기능이 신체 활동성을 향상시킨다는 의미에 대해 설명해 주세요."
"2","패션디자인을 예술적, 실용적, 기술적 측면에서 설명해 주세요.","패션 디자인이 예술적 측면은 패션 역시 하나의 디자인으로서 기능할 수 있다는 점을 보여줬다는 것입니다. 그러나 해당 심미적 디자인만을 집중하여 디자인하게 됨으로써 패션으로만 기능하고 원 기능을 못하는 제품이 많아지고 있습니다","F",""
"2","패션디자인을 예술적, 실용적, 기술적 측면에서 설명해 주세요.","패션은 그 종류가 다양하고 같은 제품이라도 디자인이 다르기 떄문에 굉장히 많은 종류가 있지만, 그 기능을 우선시해야하는 것은 언제나 중요합니다. 따라서 패션디자인은 실용적 측면에서 애용되는 것들만을 대상으로 진행되어야 합니다","F",""
"2","패션디자인을 예술적, 실용적, 기술적 측면에서 설명해 주세요.","패션이 발전하게 된 이유는 기술적 측면의 영향이 있었기 때문입니다. 패션에서 사용되는 여러 패턴이나 문양이 컴퓨터그래픽화되면서 정확한 측정이 가능해졌기 때문입니다. 단 이를 통해 패션이 획일화되는 경향이 존재하게 되었습니다","F",""
"2","패션디자인을 예술적, 실용적, 기술적 측면에서 설명해 주세요.","패션디자인에서 소비자의 감성적 욕구를 충족시키기 위해 아름다움을 중시해야 합니다. 하지만 실제로 인체에 착용하기 때문에 여러 가지 기술적인 부문이 뒷받침되어야 합니다. 또한 옷의 착용 목적에 따른 기능성 뿐만아니라 심미적인 기능성도 고려해야 합니다.","P","기술성과 심미성을 모두 갖춘 패션 디자인이 되기 위해 필요한 사항에 대해 설명해 주세요."
"2","패션 디자인의 윤리에 대해 설명해 주세요.","의류 제품의 ‘디자인’의 경우 현행 법제도에서는 ‘의장·디자인’이라는 용어를 사용하며 그 권리가 보호되고 있습니다. 하지만 의장법 등록 시에 심사기간이 길고, 제소 시에는 절차가 까다로우며 시간이 많이 소요되며, 사이클이 빠른 디자인의 경우 실질적인 보호를 받지 못하고 있습니다.","P","패션디자인 사이클이 다른 디자인에 빠른 이유를 설명해 주세요."
"2","패션 디자인의 윤리에 대해 설명해 주세요.","패션디자인 윤리라고 되어 있지는 않으나 내용면에서 이를 다루고 있는 디자인 보호법 관련 연구가 있으며, 섬유·의류 산업 전반에 관한 연구로 의류 제품의 정책에 관련된 연구나 자유무역협정에 따른 원산지 규정에 관한 연구가 있습니다. 하지만 이러한 연구는 매우 소수에 불과합니다.","P","원산지 규정이 나온 배경에 대해 설명해 주세요."
"2","패션 디자인의 윤리에 대해 설명해 주세요.","패션디자인에서 디자인 윤리라는 것은 존재하지 않습니다. 남의 것을 차용함으로써 이차적 창작이 가능한 곳이 디자인 업계이며 나아가 예술계이기 때문에 윤리를 중시하다보면 창작자의 창의력을 손실시킬 수 있기 때문에 윤리를 지양하고 있습니다","F",""
"2","패션 디자인의 윤리에 대해 설명해 주세요.","패션디자인의 원천은 디자이너의 지식재산권입니다,. 따라서 윤리적으로 지적재산권이 보호되어야 하지만 지적재산권 자체는 무형이기 때문에 디자인 과정을 거쳐 하나의 유형적인 패션이 존재하지 않는 이상, 해당 지식재산권은 보호받을 가능성이 존재하지 않습니다","F",""
"2","패션 디자인의 윤리에 대해 설명해 주세요.","패션디자인 윤리는 국제적 조약에 준거하여 보호받고 있습니다. 단, 해당 조약은 국내에서 법,제도적인 측면으로 발전되어지지 않았기 떄문에 국내에서는 보호바디 못하고 있으며, 단지 저작권 위반이라는 명목으로 간접처벌만 시행하고 있습니다","F",""
"2","패션 디자인의 윤리에 대해 설명해 주세요.","의복 자체는 유형의 개념이지만 디자인은 무형의 개념이기 때문에 그 가치를 평가하기 어려울 수 있습니다. 하지만 현대 사회에서 이러한 개인의 아이디어에 의한 소유권분쟁은 피해갈 수 없는 문제 중의 하나이므로 패션업계에 당면한 디자인 관련 문제점을 짚어보고 윤리적 차원에서 대책을 강구하고 나아가 법·제도적인 측면의 논의와 대책도 필요합니다.","P","패션디자인에서 소유권 분쟁이 일어나는 사항에 대해 설명해 주세요."
"2","하이패션에 대해 설명해 주세요.","새로운 스타일이면서 앞으로 대중 패션이 될 잠재력이 있는 선도적 스타일을 하이패션이라고 합니다. 파리의 오트쿠튀르 컬렉션에서 선보이는 의상이 전형적인 하이패션이라 할 수 있다. 극히 제한된 일부 부유층이 즐겨 입는 의상입니다. 디자인이 독특하고 고품질의 소재를 사용한다는 특징이 있습니다.","P","하이패션과 오트쿠튀르의 차이점을 설명해 주세요."
"2","하이패션에 대해 설명해 주세요.","하이패션은 숙련된 바느질 솜씨로 만들기 때문에 가격이 고가라는 특징이 있습니다. 하이패션은 비교적 상류계층의 패션 리더들이 먼저 받아들인 후 대량생산으로 널리 보급되면 매스패션이 됩니다. 매스패션은 백화점에서 전문점, 할인매장의 가격대로 대량생산하여 판매하는 패션 제품입니다.","P","하이패션이 매스패션으로 변경되는 과정을 설명해 주세요."
"2","하이패션에 대해 설명해 주세요.","하이패션은 저가의 제품을 이용하여 명품브랜드 혹은 고가의 디자이너 제품과 같은 느낌의 패션을 구상하는 것을 의미합니다. 따라서 하이패션 자체는 전문가적 창의성이 반드시 수반되어야 하며, 패션을 선도하는 역할을 하게 됩니다.","F",""
"2","하이패션에 대해 설명해 주세요.","하이패션은 대중 패션과는 거리가 멀게 느껴집니다. 하이패션은 굉장히 화려하며 고품질의 소재를 사용하기 때문에 부유층이 즐겨입는 의상인 경우가 많은데, 명품을 구입하는 한 이를 대중이라고 규정할 수 없기 때문에 하이패션은 대중패션이 될 수 없습니다","F",""
"2","하이패션에 대해 설명해 주세요.","하이패션은 백화점에서 전문점, 할인매장의 가격을 보다 저렴하게 대량생산하여 판매하는 패션 제품이며 매스패션과 대조됩니다 매스패션은 숙련된 바느질 솜씨 혹은 전문적 디자이너의 디자인을 토대로 만들기 떄문에 가격이 고가라는 특징이 있습니다","F",""
"1","오트쿠튀르에 대해 설명해 주세요.","원래 고급 양재 또는 고급 양재사를 의미하나 1868년 이후 1년에 2회 창작 의상을 발표하는 고급 의상점들의 모임을 의미하게 되었습니다. 즉, 조합 규정의 규모와 조건을 갖춘 의상점들의 모임을 말합니다.. 최근에는 세계적인 일류 디자이너들의 고급 주문 여성복을 의미합니다.","P","오트쿠튀르에 조합에 대해 자세히 설명해 주세요."
"1","오트쿠튀르에 대해 설명해 주세요.","고급의’라는 뜻의 ‘오트’와 ‘재봉’ 또는 ‘맞춤복’을 뜻하는 ‘쿠튀르’를 합친 말로 영어에서의 ‘하이 패션’과 유사하게 쓰입니다. 특히 여성복 제작과 관련된 용어입니다. 1858년에 찰스 프레데릭 워스가 상류계급 여성을 겨냥한 첫 오트쿠튀르 하우스를 파리에 개최하였고, ‘패션 디자이너’라는 용어를 처음 사용하였습니다.","P","오트쿠튀르가 여성복 제작만 의미하게 된 이유를 설명해 주세요."
"1","오트쿠튀르에 대해 설명해 주세요.","오트쿠튀르는 상류계 남성을 겨냥한 맞춤복을 의미하는 용어입니다. 해당 용어를 통해서 첫 패션 디자이너라는 역할군이 형성되었습니다. 또한 오트쿠튀르는 현재는 영국의 하이패션보다 더 높은 가치를 지닌 패션을 지칭하는 용어로 규정되고 있습니다","F",""
"1","오트쿠튀르에 대해 설명해 주세요.","오트쿠튀르의 개념은 맞춤입니다. 소비자의 신체에 맞는 의류를 제작하는 모든 행위를 오트쿠튀르라고하며 현재는 맞춤제작이 활발해짐에 따라서 오트쿠튀르가 하이패션이 아닌 매스패션의 대명사로 자리잡게 되었습니다","F",""
"1","오트쿠튀르에 대해 설명해 주세요.","오트쿠튀르의 의상은 소비자의 현 신체 비례에 맞춰서 제작되었기 떄문에, 소비자의 신체의 변화에 맞출 수 없다는 단점이 있습니다. 따라서 소비자는 맞춤형보다 통일화되어있는 의류를 사는 것을 선호하게 되면서 오트퀴튀르의 시장성이 결여되었습니다","F",""
"1","오트쿠튀르에 대해 설명해 주세요.","오트쿠튀르 의상은 착용자에게 잘 맞도록 주문 제작하여 디자인과 사이즈가 고객 개인에게 특정된 것이며,  자수·비딩·스티칭 등 특정 분야 전문장인의 수공예에 의한 것, 그리고 최고급 소재와 재료를 사용하여 만든 것을 말합니다. 위 내용은 파리 고급의상점 조합 설립자가 정의한 내용입니다.","P","오트쿠튀르의 주문제작에 대해 자세히 설명해 주세요."
"2","현 시대에서 오트쿠튀르의 의미에 대해 설명해 주세요.","1970년대에 쿠튀르 하우스의 수는 19개까지 감소하였고 많은 디자이너들이 조합의 엄격한 규칙을 탓하였지만, 합성재료를 이용한 값싼 대량생산 패션의 성장과 광범위한 경기침체가 중요한 원인이었습니다. 티에리 뮈글러나 크리스티앙 라크루아도 이 시기에 조합을 떠났습니다.","P","대량생산 기술이 오트쿠튀르에 미친 영향을 설명해 주세요."
"2","현 시대에서 오트쿠튀르의 의미에 대해 설명해 주세요.","현재는 많은 디자이너들이 프레타포르테에 치중하는 추세이며, 오트쿠튀르는 판매의 목적 보다는 예술로서의 패션을 선보여 기성복 디자인을 위한 영감의 원천이 되고 있습니다. 현재 활약하는 유명한 디자이너는 크리스티앙 디오르·장 폴 고티에·크리스토발 발렌시아가·피에르 발맹·가브리엘 샤넬 등이 있습니다.","P","프레타포르테가 무엇인지 설명해 주세요."
"2","현 시대에서 오트쿠튀르의 의미에 대해 설명해 주세요.","현 시대에서 오트쿠튀르는 대중화되었습니다. 소비자의 눈높이가 높아짐에 따라 대중들도 맞춤형 제작을 선호하게 되었고 매스 패션에서 오트쿠튀르라는 용어를 사용하게 되면서, 현재는 하이패션과는 동류가 아닌 걸로 취급되고 있습니다","F",""
"2","현 시대에서 오트쿠튀르의 의미에 대해 설명해 주세요.","오트쿠튀르는 본질적으로 패션이기 때문에 예술과는 거리가 멉니다. 패션은 심미성을 더욱 추구하는 반면에 오트쿠튀르는 해당 소비자에게 맞는 실용적인 디자인을 꿈꾸기 떄문에 오트쿠튀르는 결코 예술로서 취급될 수 없습니다","F",""
"2","현 시대에서 오트쿠튀르의 의미에 대해 설명해 주세요.","오트쿠튀르는 현 시대에서 의미가 퇴색되어졌습니다. 소비자의 선호에 맞는 맞춤형 의류를 제작하는 것은 대중화되었고, 대중적인 옷을 소비자에게 맞추어 수선,재단하는 경우도 비일비재해졌기 때문입니다.","F",""
"2","비주얼머천다이징에 대해 설명해 주세요.","비주얼머천다이징이라는 용어가 등장하기 전에는 주로 디스플레이라는 용어가 일반적으로 사용되었습니다. 비주얼 머천다이징 디스플레이는 점포의 상품 및 서비스를 판매하기 위해 광고, 디스플레이, 스페셜 이벤트 등과의 통합이나 팀워크화에 의해 고객에게 점포와 그 취급상품을 제시함을 의미합니다.","P","디스플레이와 비주얼 머천다이징의 차이점에 대해 설명해 주세요."
"2","비주얼머천다이징에 대해 설명해 주세요.","판매장소나 그 근처에 상품을 진열하는 것으로 윈도 디스플레이, 인테리어 디스플레이, 아이캐칭 익스티리어 사인 등이 이에 속합니다. 머천다이징에 관계되는 계획 의도를 고객 입장에서 흥미를 일으키도록 상품을 중심으로 해서 시각적인 매력을 복합적으로 표현하는 것이 그 역할입니다.","P","아이캐칭 익스트리어 사인에 대해 설명해 주세요."
"2","비주얼머천다이징에 대해 설명해 주세요.","비주얼머천다이징은 상품을 판매하는 것이 아니라 상품 전시를 판매하는 행위입니다. 박물관의 양태를 보면 쉽게 이해될 수 있는데 박물관에 전시되어있는 작품은 판매대상이 아니지만 그것을 보는 것을 파는 행위이며 비주얼 머천다이징과 유사합니다","F",""
"2","비주얼머천다이징에 대해 설명해 주세요.","상품을 진열하는 방식의 디자인을 비주얼머천다이징이라고 합니다. 예를 들어, 유통기한이 짧게 남은 상품을 앞으로 배치하고 상대적으로 유통기한이 길게 남은 상품을 뒤에 배치함으로써 재고량을 줄이는 영업 기법역시 비주얼머천다이징입니다.","F",""
"2","비주얼머천다이징에 대해 설명해 주세요.","상품의 컨셉에 맞게 소비자에게 효과적으로 다가갈 수 있도록 상품을 진열하는 방식을 비주얼 머천다이징이라고 합니다. 그러나 온라인 쇼핑이 활발해짐에 따라서 비주얼머천다이징은 그 기능이 상실되어 사라지고 있는 추세입니다","F",""
"2","비주얼머천다이징에 대해 설명해 주세요.","상풍의 진열이나 윈도 기타 쇼윙 디스플레이에 의해서 취급되는 상품의 콘셉트나 가치를 소비자에게 효과적이며 시각적으로 호소해서 제안하는 것입니다. 마케팅에 있어서 인상적 제목, 간결한 내용, 구체적 수치로 ‘비주얼 프레젠테이션’을 하면 성공적입니다. 비주얼 머천다이징은 상품화계획을 실전에서 구현한다는 차이가 있습니다.","P","비주얼머천다이징이 상품의 콘셉트를 효과적으로 전달하기 위해 고려해야 할 사항에 대해 설명해 주세요."
"2","질감에 대해 설명해 주세요.","제품의 질감은 촉각적인 경험이나 접촉으로 인식된 감촉에 대한 시각적 표현을 제공합니다. 제품의 외장은 사람과 제품 사이의 인터페이스입니다. 외장은 실질적으로는 내부를 감추고 일상적인 사용에서 오는 손상으로부터 보호하는 부분이며 경험적으로는 사용자가 감각적 반응을 인지하게 되는 부분입니다.","P","질감이 어떻게 시각적 표현을 제공하는지 설명해 주세요."
"2","질감에 대해 설명해 주세요.","제품의 외장에 바람직한 특성을 만드는 다양한 소재, 마감, 그리고 공정 중에서 다양한 방법을 선정하고 적용함으로써 의도하는 반응을 이끌어 낼 수 있습니다. 일반적으로 소재 선정은 제품개발의 일부로서 질감에 대해 고려할 사항으로 포함됩니다. 그러나 시각적이고 촉각적인 질감을 지향하는 최근의 움직임은 질감이 독립적으로 고려되어야 한다는 것을 보여줍니다.","P","질감과 소재의 관계에 대해 설명해 주세요."
"2","질감에 대해 설명해 주세요.","질감이란 텍스타일이며 텍스타일은 ‘직물’ 또는 ‘직물 원료’라는 의미입니다. 해당 제품이 시각적으로 어떤 방식을 취하느냐를 직물이 가르기 떄문에 질감은 원칙적으로 텍스타일에 귀속되어 지는 개념입니다","F",""
"2","질감에 대해 설명해 주세요.","질감이란 로고, 프린팅, 앰보싱, 페이팅 등의 의류에서 발생하는 디자인적 요소가 촉감적으로 어떻게 소비자에게 다가가는지를 파악하는 것입니다 .따라서 질감은 최종제품에서만 판단할 수 있기 떄문에 제품 생산에서 변화할 수 없습니다","F",""
"2","질감에 대해 설명해 주세요.","질감이란 촉감을 통해서 얻어지는 제품의 외향적 특징입니다. 소재가 다양함에 따라 질감이 다양해지게 되면 소비자의 만족도가 올라가기 떄문에 현재는 다양한 질감을 사용하는 제품이 각광받고 있는 추세로 평가되고 있습니다","F",""
"2","질감에 대해 설명해 주세요.","질감은 프린팅, 엠보싱, 래커링, 페인팅, 폴리싱, 브러싱, 레이어링, 텍스파일 구조의 추가와 기타 다양한 여러 가지들이 표면에 부가되어 제품 경험을 증대 시킵니다. 시각적이고 촉각적인 감각에서 단조롭거나 강화된 표면의 작용은 실수요자에게 보다 많은 정보를 제공합니다.","P","질감을 통해 제품경험증대가 가능하다는 의미에 대해 자세히 설명해 주세요."
"2","비율의 개념에 대해 설명해 주세요.","특유의 환경이나 다른 디자인들과 같은 상황에서 제품의 비율은 관찰자의 마음속에 명확한 대상처럼 정해져 있어야 합니다. 비율이 무엇인지에 답하기 위해서는 역사적인 견해들을 살펴볼 필요가 있습니다. 많은 사람들이 수학과 비율의 기초가 되는 원리를 통해 아름다움과 조화의 관계에 대해 연구해 왔습니다.","P","비율이 디자인 프로세스에 어떤 영향을 미치는지 설명해 주세요."
"2","비율의 개념에 대해 설명해 주세요.","건축, 자연과학, 우주론, 조각, 드로잉 등이 모두 파이의 원리 즉 황금 분할을 적용하여 만들어 졌습니다. 조화를 아름다움과 연관시키는 생각의 영향력은 역사의 곳곳에서 찾아볼 수 있습니다. 진보적이고 기하학적인 시퀀스의 응용을 통해 아이디어에 형상이 주어졌습니다.","P","황금분할에 대해 설명해 주세요."
"2","비율의 개념에 대해 설명해 주세요.","비율이란 구성품의 비율을 의미합니다. 물을 구성하는 산소와 수소의 비율이 각각 1/3,2/3이듯, 모든 유기체,무기체에는 각 형상을 구성하는 비율이 존재합니다. 그러나 비율은 마음 속에 존재하는 경우가 많아 최종제품이 나오기 전까진 명확한 수치를 알 수 없습니다","F",""
"2","비율의 개념에 대해 설명해 주세요.","디자인에서 로고 등을 만들 때는 비율을 파악하는 것이 중요합니다. 비율에 따라서 소비자가 느끼는 만족도가 다르기 떄문입니다. 따라서 최근에는 비율 자체를 조정할 수 있는 기술을 통해서 소비자가 원하는 비율로 맞춤 판매하고 있습니다","F",""
"2","비율의 개념에 대해 설명해 주세요.","제품의 전체에서 디자인이 차지하는 폭의 비율이 얼마인지는 굉장히 중요합니다. 단, 디자인에서 비율은 제품 내부에서 일어나는 일들만으로 한정되며, 제품 외의 환경과의 비율은 디자인이 고려할 대상이 아니라고 판단됩니다","F",""
"2","비율의 개념에 대해 설명해 주세요.","전체의 부분들 사이에 그리고 전체와 그 배경들 사이에 관계가 만족스러운 디자인이 되려면 실제적인 대상뿐 아니라 대상이 그 환경과 가지는 관계에 대해서도 고려해야 합니다. 제품 내에서 그리고 제품과 특정환경 사이에서 비율이란 무엇인지를 질문하는데 있어서 많은 한정적인 방식으로 디자인 특성이 강조되거나 완화됩니다.","P","비율이 제품과 환경 사이에서 이뤄야 하는 조화라는 점을 자세히 설명해 주세요."
"2","실질적 공정과 생산과정에서 고려해야 할 사항에 대해 설명해 주세요.","수많은 소재가 있는 것과 마찬가지로 어떤 특정한 제품을 건조하는 방식도 대단히 많이 존재합니다. 생산수단은 근본적으로 대단히 다양하고 따라서 디자이너는 그들의 미술과 공예를 통해 산업계에서 가장 이상적인 것을 받아들일 수 있는 표현의 자유를 가집니다. 어떤 기업들은 예술적 표현에 대한 나름대로의 접근방식을 취해서 다양한 방식으로 제품을 생산합니다.","P","생산을 위한 다양한 방식에 대해 어떤 자세를 가지고 접근을 해야 하는지 설명해 주세요."
"2","실질적 공정과 생산과정에서 고려해야 할 사항에 대해 설명해 주세요.","디자이너들이 다른 업계에서 사용되는 첨단 원리의 생산방법을 경험하게 되면서 상품 제작방식에서도 시간절약 효과가 나타나고 있습니다. 생산스케줄과 출시까지 소요되는 시간이 줄어들고 있는 것 입니다. 디자이너는 다양한 프로세스 전문가들과의 상호작용을 통해 지식 기반을 넓히는 노력을 기울여야 합니다.","P","디자이너들이 생산관련 지식 기반을 넓혀야 하는 이유가 무엇인지 설명해 주세요."
"2","실질적 공정과 생산과정에서 고려해야 할 사항에 대해 설명해 주세요.","실질적 공정에서 중요한 것은 창의성입니다. 창의성이 높은 제품이 시장에서 좋은 평가를 받기 떄문입니다. 반면 생산과정에서 중요한 것은 경제성입니다. 해당 제품을 어떤 방식으로 빠르게 생산할지가 가장 중요한 고려대상입니다.","F",""
"2","실질적 공정과 생산과정에서 고려해야 할 사항에 대해 설명해 주세요.","수많은 제품의 실질적 공정과 생산과정은 무수히 다양합니다. 단 디자인의 경우에서는 실질적 공정이 차지하는 비율이 거의 없기 떄문에 생산과정에 주목하는 것이 일반적이며 생산과정에서는 디자인과 시장성에 대한 타협이 이뤄집니다.","F",""
"2","실질적 공정과 생산과정에서 고려해야 할 사항에 대해 설명해 주세요.","실질적 공정에서 중요한 것은 디자인한 제품의 실재화가 제대로 되었는지가 중요합니다. 색, 형상, 비율이 명확하게 의도한 것과 같이 나왔는지 파악하는 것이며 이것이 제대로 되지 않을 경우에는 생산과정에서 이를 수정하여 제품을 출시합니다","F",""
"2","제품명 만들기에 대해 설명해 주세요.","제품에 이름을 짓는 거은 제품을 새로운 정황에 배치시키는 것이고 제품을 친숙하게 하는 것이고 시대에 발자취를 남기는 것 입니다. 또한 제품을 판단하는 방식에 또 다른 범위를 부가하는 것 입니다. 눈에 띄는 것이 점점 어려워지는 현실에서 네이밍은 디자인 프로세스의 중요한 부분입니다.","P","네이밍에서 친숙함이 중요한 이유를 설명해 주세요."
"2","제품명 만들기에 대해 설명해 주세요.","디자인에서는 역사적으로 이름과 물체간의 관계가 유난히 두드러졌습니다. 많은 제품에 동물의 이름이나 지명을 사용하기도 했습니다. 펠리컨 의자, 예멘 화병, 패펄론 의자, 스누피 램프, 펭귄 당나귀 같은 예제들입니다. 동물을 나타내는 말은 집 안에 세상을 가지고 있다는 지리학적 개념을 통해 제품과 용도에 새로운 관련성을 부여합니다.","P","동물을 네이밍에 사용한 예제를 설명해 주세요."
"2","제품명 만들기에 대해 설명해 주세요.","제품명은 제품의 기표로서 기의와 우연적으로 배치됩니다. 따라서 제품명은 반드시 제품의 기능과 일치될 필요가 없으며, 독립적이어도 상관없기에 현재 제품명은 소비자의 이목을 끌기 위해서 최대한 자극적인 소재로 기능하는 것이 일반적입니다","F",""
"2","제품명 만들기에 대해 설명해 주세요.","이름은 굉장히 추상적입니다. 제품은 그 사용 의도가 명확한 제품이더라도, 다양한 사용방식이 존재하기 떄문에 이름이 직관적으로 어떤 용도인지 규정함에 따라서 소비자가 사용하는 방식이 고정되어 효율성이 떨어지기 떄문입니다","F",""
"2","제품명 만들기에 대해 설명해 주세요.","제품에 이름을 짓는 것은 반드시 필요한 행위는 아닙니다. 오히려 제품의 이름이 존재하지 않으면 ,하나의 디자인적 요소로서 고려되어 더 높은 상품성과 가치를 띄게 되는데 요즘 디자이너는 이를 의도하여 무제의 제품을 다량생산하기도 합니다","F",""
"2","제품명 만들기에 대해 설명해 주세요.","이름은 직관적인 속성을 전달 합니다. 다이아몬드 의자는 값비싸고 소중히 여겨야 할 것 같은 느낌을 줍니다. 이름은 제품 외관의 주요 특성이나 제품이 전달하는 어떤 기능에 연관되는 경우가 많습니다. 제품에 보다 시대를 앞서는 느낌을 주기 위해 노키아나 아이팟 같은 이름을 만들어내는 경우도 있습니다.","P","네이밍을 통해 기능을 잘 전달하기 위해 고려해야 할 사항을 설명해 주세요."
"2","네이밍을 할 때 고려할 사항에 대해 설명해 주세요.","네이밍을 하는데 있어서 가장 신중히 고려해야 할 것은 직역을 했을 때 벌어지는 문제와 그 이름이 발명된 것이냐 혹은 어떤 경험이나 기억을 불러 일으키는지에 대한 여부입니다. 지금과 같은 범세계적인 배경에서 제품에 이름을 정하는 것은 대단히 까다롭고 어려운 일 입니다.","P","브랜드의 명칭이 문제를 일으킬 수 있다는 점에 대해 자세히 설명해 주세요."
"2","네이밍을 할 때 고려할 사항에 대해 설명해 주세요.","브랜드 명칭을 만들때는 언어적 다양성과 번역, 발음, 의미의 문제가 모두 고려되어야 합니다. 어떤 물건의 이름은 가능한 많은 언어로 쉽게 발음되고 듣기 좋은말이어야 하기 때문입니다. 네이밍은 제품의 시각적 이미지를 전달하거나 제품에 대한 모호함을 중첩시키는 수단이 될 수 있습니다.","P","네이밍에 있어서 발음과 의미가 가지는 중요성에 대해 설명해 주세요."
"2","네이밍을 할 때 고려할 사항에 대해 설명해 주세요.","네이밍을 할 떄 고려할 사항은 제품과 최대한 관련없는 이름을 사용하는 것이 중요합니다. 또한 발음이 어려울수록 해당 제품명이 소비자의 인식에서 멀어질 경우가 적기 때문에 최대한 길고 어려운 외래어로 사용하는 것이 좋습니다","F",""
"2","네이밍을 할 때 고려할 사항에 대해 설명해 주세요.","네이밍을 할 때 가장 중요하게 생각해야하는 것은 국내용과 해외용의 이름을 달리하는 것이 중요합니다. 각 국가마다 문화차이가 발생하기 떄문에 해당 두 용도를 통합하는 이름을 사용할 경우 그 의도성이 감소할 가능성이 높기 떄문입니다","F",""
"2","네이밍을 할 때 고려할 사항에 대해 설명해 주세요.","좋은 이름을 사용함으로써 브랜드화가 높아지지만, 이미 높은 브랜드를 가지고 있는 기업이 새로운 제품을 만들어 이를 네이밍할 때는 네이밍이 그다지 중요한 고려대상이 아닙니다. 따라서 사치 브랜드의 경우 새 제품에 이름을 붙이지 않는 경우가 많습니다","F",""
"2","네이밍을 할 때 고려할 사항에 대해 설명해 주세요.","좋은 이름은 브랜드화의 강력한 원동력이며 제품에 감정적 배경을 부가하거나 차별화를 도와 고객의 관심을 끕니다. 간접적으로 제품을 드러내는 무형의 신비한 특질을 강조함으로써 사용자로 하여금 어떤 느낌을 상기시킬 수 있다면 감정이나 기억을 불러일으키는 힘이 덜한 이름을 가진 경쟁제품에 비해 우위를 확보할 수 있습니다.","P","동일한 제품인데도 불구하고 네이밍에 따라 우위를 선점할 수 있다는 의미에 대해 설명해 주세요."
"2","네이밍의 정의에 대해 자세히 설명해 주세요.","네이밍이란 ‘이름 짓기’ 입니다. 하지만 사람의 이름을 지을 때 쓰는 단어가 아니고 마케팅을 하려는 상품에 붙는 이름을 지을 때 쓰는 말입니다. 브랜드 네임은 상품과 서비스에 대한 소비자들의 인식에 가치를 부여할 수 있습니다. 그러기 위해서는 소비자들의 욕구를 충족할 수 있어야 합니다.","P","마케팅의 측면에서 네이밍의 중요성에 대해 설명해 주세요."
"2","네이밍의 정의에 대해 자세히 설명해 주세요.","현재의 ‘네이밍’이란 말의 의미는 1970년경 마케팅 분야 용어로 사용하면서부터 회사, 제품, 서비스 등의 제목이나 이름을 의미하는 브랜드의 명칭, 즉 브랜드 네임을 개발한다는 뜻으로 사용해 왔습니다. 예를 들면 우리는 ‘나이키’, ‘코카콜라’, ‘애플’ 등의 이름을 들으면 운동화, 콜라, 아이폰 등의 제품을 떠올리게 됩니다.","P","네이밍이 회사, 제품, 서비스 외에 다른 어떤 것을 의미할 수 있는지 설명해 주세요."
"2","네이밍의 정의에 대해 자세히 설명해 주세요.","네이밍의 정의란 마케팅 분야의 용어로서 브랜드의 명칭을 의미합니다. 그러나 해당 명칭을 사용함으로써 브랜드의 가치가 고정되는 단점이 존재하기 떄문에, 브랜드 네이밍의 경우 최대한 추상적인 느낌을 주는 것이 중요합니다.","F",""
"2","네이밍의 정의에 대해 자세히 설명해 주세요.","마케팅을 하려는 상품에서 마케팅을 보다 효율적으로 하기 위해서 기업 자체에 이름을 짓는 행위가 네이밍입니다. 따라서 개별 제품에 대한 것은 네이밍이 아니며  단지 제품 간의 식별을 위해서만 존재할 뿐 마케팅적 효과는 존재하지 않습니다","F",""
"2","네이밍의 정의에 대해 자세히 설명해 주세요.","네이밍은 이름을 짓는 것을 의미합니다. 상품에 이름을 붙이는 행위를 네이밍이라고 말하며, 디지털 사회에 도래하면서 네이밍은 보통 디지털 장부에서 상품을 구분하기 위해서 'SSG-118'와 같은 형태로 하는 것이 일반화되고 있습니다","F",""
"2","네이밍의 정의에 대해 자세히 설명해 주세요.","마케팅에서 브랜드 네임은 가치 또는 자산을 가지고 있으며, 기업의 자산과 마찬가지로 브랜드 네임의 가치 또한 관리해야 합니다. 다시 말해 시장에서 브랜드 네임의 위상을 강화해야 하고, 그 어떤 상황에서도 브랜드 네임을 보호하고 방어함으로써 브랜드 네임을 관리한다는 것을 의미합니다.","P","브랜드네임이 회사의 자산이 될 수 있다는 것에 대해 설명해 주세요."
"1","네이밍의 유형에 대해 설명해 주세요.","설명적 네이밍은 네이밍 기법의 특성상 몇 가지 방식으로 분류할 수 있습니다. 제품의 속성이나 혜택을 문장 형태로 설명하는 문장 설명형 네이밍과 두 개의 키워드를 조합해 만드는 나열 설명형 네이밍, 원래 단어를 그대로 사용하는 단어 설명형 네이밍, 브랜드의 단어를 축약해 이니셜로 만드는 축약 설명형 네이밍 등이 있습니다.","P","축약설명형네이밍에 대해 자세히 설명해 주세요."
"1","네이밍의 유형에 대해 설명해 주세요.","연상적 브랜드 네이밍이 있습니다. 이는 브랜드의 특성과 이미지를 연상 작용으로 설명해 주는 기법입니다. 연상은 사람의 지각에 영향을 주고, 브랜드 인식을 증가하며, 브랜드의 호감을 높이는 데 긍정적으로 작용합니다. 연상적 기법은 그 종류와 범위가 거의 무한정입니다.","P","연상적브랜드네이밍이 어떻게 브랜드 호감을 불러일으키는지 설명해 주세요."
"1","네이밍의 유형에 대해 설명해 주세요.","네이밍의 유형 중에서 설명적 네이밍은 브랜드 특성이나 브랜드가 사용하는 이미지를 로고나 상품에 정확하게 기입함으로서 해당 제품을 설명하는 것으로 디자인적 미관을 해치기 떄문에 최악의 네이밍으로 고려되고 있습니다","F",""
"1","네이밍의 유형에 대해 설명해 주세요.","연상적 브랜드 네이밍은 단순한 로고나 제품 디자인을 보고도 제품이 어떤 브랜드의 것인지 파악할 수 있게 해주는 네이밍의 종류로서 주로 두 개의 키워드를 조합하는 조합 연상이나 브랜드 이름을 축약하여 디자인으로 하는 축약 연상 등이 사용됩니다","F",""
"1","네이밍의 유형에 대해 설명해 주세요.","상징적 브랜드 네이밍이 있습니다. 이는 브랜드가 가지고 있는 상징을 토대로 디자인하여 네이밍하는 것을 의미하지만 해당 브랜드가 굉장히 대중적이라면 타 경쟁업체에게 모방당할 여지가 크기 떄문에 현재는 사용되기 어렵습니다","F",""
"1","네이밍의 유형에 대해 설명해 주세요.","상징적 브랜드 네이밍 입니다. 이는 상징적인 단어를 사용하는 기법입니다. 이 네이밍의 장점은 다른 경쟁사가 모방하기 어렵다는 장점을 가지고 있다. 예를 들면 사람의 이름을 이용해서 만든 브랜드는 그 자체로 신뢰감을 형성하고 호감을 주기 쉽다는 장점을 가지고 있습니다. ","P","사람의이름을 브랜드네이밍에 사용한 예제를 설명해 주세요."
"2","브랜드 명칭의 역할에 대해 설명해 주세요.","소비자들은 브랜드 네임이 커뮤니케이션하는 것에 주목하며, 그 디자인에 관심을 가지게 되고 구매까지 이어지게 됩니다. 브랜드 네임의 역할은 이처럼 판매 현장에서뿐만 아니라 마케팅 전략의 입안 단계부터 중요하게 작용합니다. 전략을 논의하는 데 브랜드 인지도를 높이는 것을 목표로 세울 수 있습니다.","P","브랜드 명칭이 디자인과 구매에 미치는 영향을 자세히 설명해 주세요."
"2","브랜드 명칭의 역할에 대해 설명해 주세요.","소비자들이 광고를 통해 브랜드에 관심을 가지고 기억한다고 해서 바로 구매까지 연결되지는 않습니다. 다만 광고와 브랜드 네임은 그 제품을 구입할 때까지 소비자들이 오랫동안 기억할 수 있도록 도와주는 중요한 역할을 하는 것입니다. 그런 이유로 광고 목표도 ‘브랜드 인지도 높이기’로 설정할 수 있습니다.","P","브랜드 명칭을 만들 때 사람들의 기억에 오래 남기 위해 고려해야 할 사항에 대해 설명해 주세요."
"2","브랜드 명칭의 역할에 대해 설명해 주세요.","브랜드 명칭을 부여하는 이유는 소비자에게 해당 기업의 브랜드를 각인시키며 브랜드의 충성도를 높이거나 소비자의 이목을 집중시키기 위해서입니다. 그러나 해당 인식이 부정적인 용도로 사용될 우려가 있기 때문에 브랜드 명칭은 도박성이 짙다는 단점이 있습니다","F",""
"2","브랜드 명칭의 역할에 대해 설명해 주세요.","브랜드의 명칭을 통해서 기업은 소비자와 커뮤니케이션이 가능합니다. 디자인에 관심을 가지게 됨으로써 브랜드 명칭이 소비자의 인식에 각인되면서 소비자가 해당 브랜드에 충성하게 되지만, 해당 충성도는 일시적인 현상일 뿐 통계화될 수는 없습니다","F",""
"2","브랜드 명칭의 역할에 대해 설명해 주세요.","브랜드 명칭의 역할을 과거와 같이 온라인 구매가 존재하지 않던 시기에는 대중들이 해당 브랜드의 이름만으로 제품을 평가하기 떄문에 중요한 역할을 하였지만, 현재는 정보가 과다해진 소비자가 해당 브랜드 네이밍을 완벽히 신뢰하지 않기 떄문에 그 역할이 축소되었습니다","F",""
"2","브랜드 명칭의 역할에 대해 설명해 주세요.","소비자들은 그 브랜드의 제품을 구입한 후 사용 경험을 통해 그 브랜드에 대해 평가를 할 것입니다. 중요한 것은 소비자들이 그 제품을 얼마나 좋게 생각하고 가치를 부여했느냐 하는 것입니다. 소비자들은 제품 또는 그 이름에 대해 어떤 인상이나 이미지를 얻었다면 그것을 장기간 유지하려는 경향이 있습니다.","P","소비자의 브랜드평가의 기준에 대해 설명해 주세요."
"2","디자인 매니지먼트의 개념에 대해 설명해 주세요.","디자인 매니지먼트란 기업이 비즈니스 목표를 달성하기 위해 디자인을 전략적인 비즈니스 수단으로 활용하는 데 디자인은 물론 디자인 활동과 관계된 조직과 업무 시스템을 조율하고 성과를 이루려는 모든 활동을 의미합니다. 디자인은 단순한 제품 디자인이나 시각 이미지를 개발하는 활동을 넘어 최고의 성과를 내는 기업의 전략적 자산입니다.","P","디자인이 기업의 성과에 영향을 미친다는 부분에 대해 설명해 주세요."
"2","디자인 매니지먼트의 개념에 대해 설명해 주세요.","디자인 프로세스를 이끄는 다양한 방식과 방법, 효과적인 디자인 프로젝트 관리는 최고의 성과를 내는 기업의 전략적 자산으로 여겨지고 있습니다. 따라서 디자인을 기업의 전략적 자산으로 만들고자 하는 경영자는 디자인 방침을 수립할 수 있어야 합니다. 디자인 매니지먼트의 결론은 경영자와 마케터들이 디자인 마인드를 가져야 한다는 것입니다.","P","경영자와 마케터가 디자인마인드를 갖는 것이 왜 중요한지 설명해 주세요."
"2","디자인 매니지먼트의 개념에 대해 설명해 주세요.","디자인 매니지먼트라는 개념은 기업에서 해당 디자인을 어떻게 효율적으로 사용할지를 검토하는 것을 말합니다. 따라서 디자인에 대한 선택의 과정은 제품 생산 전에 종료되어야 하며, 선택받지 못한 디자인은 과감하게 폐지하는 것이 명확한 디자인 관리입니다","F",""
"2","디자인 매니지먼트의 개념에 대해 설명해 주세요.","디자인 매니지먼트가 제대로 되는 경우에도, 상품에 어울리지 않는 디자인이 주입될 가능성이 높습니다. 따라서 기업이 디자인에 투자하는 과정에서 디자인 관리를 신중하게 해야하며 해당 디자인 관리는 변경불가능성을 띄기 떄문에 시간과 예산은 고려하지 않는 것이 일반적입니다.","F",""
"2","디자인 매니지먼트의 개념에 대해 설명해 주세요.","디자인 매니지먼트란 디자인을 토대로 어떤 경영을 할 것인지를 팡가하는 것입니다. 해당 관리에서는 디자이너가 모든 매니지먼트의 담당자가 되며 경제성보다는 미적 감각과 예술성을 중시하게 되기 떄문에 비영리 단체에서 주로 사용되고 있는 매니지먼트입니다. ","F",""
"2","디자인 관리자의 임무에 대해 설명해 주세요.","자사의 로고나 사명 등 시각적 표현들을 포함한 기업 아이덴티티와 시각적 아이템들을 관리하고, 이를 마케팅 활동의 필요한 요소에 다양하게 적용시켜 기업의 가시적 아이덴티티를 디자인을 통해 활용하는 데 있습니다. 또한 디자인 관리자의 역할은 기업의 모든 대내외 활동에 필요한 디자인 정책과 프로젝트, 관리 등 관련 업무 전반을 관리하는 것입니다.","P","로고가 무엇인지 설명해 주세요."
"2","디자인 관리자의 임무에 대해 설명해 주세요.","디자인을 결정하는 일에서 여러 보고 단계를 거치면서 다양한 개인의 취향을 모두 수용할 수는 없습니다. 디자인 관련 업무는 숙련된 전문가가 처리하는 게 좋지만 아직도 많은 기업에서 디자인 부서를 마케팅 부서 아래에 두거나 영업부서 아래에 두고 영업부의 통제를 받게 하기도 합니다.","P","디자인 전문가가 가져야 할 자세에 대해 설명해 주세요."
"2","디자인 관리자의 임무에 대해 설명해 주세요.","디자인 관리자의 임무는 가장 대표적으로 표절 의혹에 대한 정보조사가 일반적입니다. 따라서 디자인에 대한 전문적인 지식이 많아야하며, 디자인 계에서 오래 종사한 자가 되어야합니다. 또한 해당 디자인을 타 기업과 공유함으로써 제품의 시장점유율을 높이는데 기여하기도 합니다.","F",""
"2","디자인 관리자의 임무에 대해 설명해 주세요.","디자인을 결정하는 모든 단계에 개입함으로써 디자인의 퀄리티를 책임지는 사람을 디자인관리자라고 합니다. 따라서 많은 기업에서는 디자인 부서를 따로 두어 그 중요도를 높이며 , 디자인 부서는 해당 매니지먼트의 중심으로 기능하고 있습니다.","F",""
"2","디자인 관리자의 임무에 대해 설명해 주세요.","디자인을 결정할 떄는 여러 단계를 거치게 됩니다 .이때 디자인 관리자는 자신이 생각하는 가장 좋은 디자인을 강압적으로 해당 단계에 주입하는 역할을 하는데 이를 통해 디자인 관리자의 주관적인 디자인 제품이 보통 최종생산되는 경향이 있습니다","F",""
"2","디자인 관리자의 임무에 대해 설명해 주세요.","기업의 마케팅 활동이나 프로젝트의 실행과 관리에서 디자인 관리자는 마케터와 함께 주어진 프로젝트의 성공과 시장에서 성장을 위한 공동 목표를 가지고 기업 비즈니스와 관련된 표현 전략을 관리합니다. 디자인 관리자나 디자이너들에게 최고의 디자인 결과물을 얻으려면 의사결정 과정을 개선하고, 다른 협조 부서와 밀접한 관계를 유지하는 것이 좋습니다.","P","공동목표를 달성하기 위한 디자인의 역할에 대해 설명해 주세요."
"2","프로모션을 디자인 관점에서 설명해 주세요.","우리가 구매하는 품목들은 소비자인 우리가 어떤 사람인가에 대해 나타냅니다.  제품의 판매를 촉진하기 위해 제휴한 잡지, 신문, 갤러리와 상점들에서 디자이너의 이름은 브랜드와 함께 제품에 대한 실수요자의 인식에 영향을 미칩니다. 디자이너는 인식된 가치의 층을 제품에 덧입혀야 합니다.","P","디자이너가 제품의 판매를 촉진시킨다는 의미에 대해 설명해 주세요."
"2","프로모션을 디자인 관점에서 설명해 주세요.","현재의 다양하고 산만한 유통 채널 속에서 새로운 제품 배경을 부여하기 위해서는 세심한 계획이 필요합니다. 디자이너는 모든 유통 단계를 잘 알아야 합니다. 프로모션은 특히 제품의 수명이나 디자이너 이미지의 개념적 부분을 직접적으로 되돌이켜 참고하기 때문입니다.","P","프로모션에서 제품의 수명이 중요한 이유를 설명해 주세요."
"2","프로모션을 디자인 관점에서 설명해 주세요.","프로모션이란 디자인의 관점에서는 디자인을 해하는 요소입니다. 프로모션의 경우 제품의 가격을 하락시켜서 소비자가 많이 구매하는 목적을 지니는데 디자인의 경우 최대한 가격을 높이려는 목적으로 제품을 제작하기 떄문입니다.","F",""
"2","프로모션을 디자인 관점에서 설명해 주세요.","프로모션이란 디자인의 관점에서 해당 디자인으로 구성된 제품의 가치를 메기는 과정을 의미합니다 .따라서 디자이너에게 전적으로 프로모션의 책임이 부여되며 프로모션의 결과 역시 디자이너가 책임지는 것이 일반적입니다.","F",""
"2","프로모션을 디자인 관점에서 설명해 주세요.","디자이너는 특정한 제품에 대한 디자인만을 고려하지 프로모션 혹은 해당 제품의 최종 목표를 고려할 필요는 없습니다. 따라서 디자인의 관점에서 프로모션은 고려대상이 아니며 마케팅의 측면에서만 고려될 수 있는 파트입니다.","F",""
"2","프로모션을 디자인 관점에서 설명해 주세요.","디자이너는 특정한 제품의 최종적인 목표를 반드시 고려해야 합니다. 가능한 언론에 많이 노출되는 것, 최대 수익을 산출하는 것 등 입니다. 그러나 때로 제품은 언론에서 대단히 큰 관심을 얻어서 가시성이 증대되고 기업과 디자이너의 인식은 높아지지만 매출과 연결되는 것에는 실패하기도 합니다.","P","디자이너 인식 향상과 최대 수익을 동시에 달성하기 위한 방안을 설명해 주세요."
"1","제품 디자이너에 대해 설명해 주세요.","제품디자이너는 바늘에서부터 항공기에 이르기까지 우리의 일상생활에 필요한 각종 제품을 디자인합니다. 디자인 의뢰가 들어오면, 시장조사를 통해 소비자의 취향과 욕구, 유행흐름을 분석하고 디자인 동향을 파악하며, 만들고자 하는 제품의 기술동향, 제조단가 등을 고려하여 디자인 컨셉을 결정합니다.","P","제품 디자이너의 시장조사 방법에 대해 설명해 주세요."
"1","제품 디자이너에 대해 설명해 주세요.","시안으로 여러 디자인을 만든 후 몇 번의 수정작업을 거쳐 최종 디자인을 결정합니다. 기술적인 문제가 없는지 확인하고, 특히 디자인에 따라 성능, 부품, 자재가 자유롭게 이용할 수 있는지 등에 대해 기술팀이나 제작팀과 사전에 충분히 협의합니다. 소비자의 불편사항과 개선사항에 대한 자료를 수집하여 다음 모델에 반영하기도 합니다.","P","시안의 중요성에 대해 설명해 주세요."
"1","제품 디자이너에 대해 설명해 주세요.","제품 디자이너란 기업에서 생성하는 모든 제품을 디자인하는 역할을 맡습니다. 디자인 의뢰가 들어오면 해당 제품을 창의적으로 디자인하며 해당 기업에서 기존의 브랜드 가치나 이전 제품의 특징 등은 고려하지 않아도 됩니다.","F",""
"1","제품 디자이너에 대해 설명해 주세요.","제품 디자이너는 제품에 대한 상품성을 명확하게 인지할 필요는 없습니다. 단순히 해당 제품의 심미성과 예술성에 초점을 맞추며, 해당 제품의 경제적 가치 등은 고려하지 않아도 됩니다. 단지 제품과 디자인의 상호관계만을 파악하면 될 뿐입니다","F",""
"1","제품 디자이너에 대해 설명해 주세요.","제품 디자이너는 상업적인 아이디어와 마케팅감각이 동시에 수반되어야 합니다. 따라서 계산적이며 이성적인 사람이 디자이너를 하는 것이 중요하며 감성적인 디자인을 할 경우 상업성을 고려하지 않는 경우가 많기 떄문에 기피되고 있습니다","F",""
"1","제품 디자이너에 대해 설명해 주세요.","제품디자이너는 조형미와 미적 감각, 창의성 등은 물론 빠르게 변화하는 소비자의 취향과 심리를 잘 파악할 수 있는 마케팅감각과 상업적인 아이디어가 있어야 합니다. 표현력이 뛰어나고 섬세한 성격을 가진 사람에게 유리하며, 여러 명이 같이 작업하는 경우가 많으므로 팀워크를 잘 이룰 수 있는 성격이 요구됩니다.","P","창의성 개발을 위해 필요한 방법에 대해 설명해 주세요."
"2","텍스타일의 시대별 발달과정에 대해 설명해 주세요.","텍스타일디자인의 기원은 명시적으로 정확하지 않습니다. 다만 부족 단위로 이루어진 집단 주거형태의 문화에서 나타나는 동굴벽화 등을 통해서 추측해보고 있습니다. 하지만 동굴벽화 시대 이전부터 염료가 사용되어 왔음을 시사하는 역사적 증거가 있습니다. 학자에 따라서는 동굴벽화나 토기의 채색보다 인체 채색을 의복 염색의 유래로 보기도 합니다.","P","인체 채색을 의복 염색의 유래로 볼 수 있는 근거가 무엇인지 설명해 주세요."
"2","텍스타일의 시대별 발달과정에 대해 설명해 주세요.","10세기 이후 직물은 각 국가와 지역에 따라 전통과 특징은 유지되고 있었지만 내용적인 측면이나 발달상황 등을 전체적으로 종합해 본다면 유럽이 가장 활발히 발전했다고 볼 수 있습니다. 이는 문화, 예술의 흐름과 발전이 국가의 사회, 경제적인 발달과 관련이 높음을 의미합니다.","P","유럽이 직물 관련 산업이 가장 활발했던 이유에 대해 설명해 주세요."
"2","텍스타일의 시대별 발달과정에 대해 설명해 주세요.","텍스타일의 디자인에 대한 기원은 명시적으로 태피스트리가 서유럽에서 유행을 타면서부터로 규정되어있습니다. 이를 통해 텍스타일이 하나의 예술품으로 승화되면서부터 패션계에서도 텍스타일을 사용하고 있는 중입니다.","F",""
"2","텍스타일의 시대별 발달과정에 대해 설명해 주세요.","직물이 발전함에 따라서 직물에 사용되는 텍스타일이 하나의 디자인적 요소로서 각광받게 되었습니다. 그러나 패션 업계에서는 해당 텍스타일을 정합적인 요소라고 판단하여 사용하지 않았는데, 20세기에 이르러 하나의 패션 디자인 요소로 자리잡았습니다","F",""
"2","텍스타일의 시대별 발달과정에 대해 설명해 주세요.","19세기와 18세기 사이에 모더니즘의 도래로 텍스타일이라는 개념이 하나의 예술적 요소로서 평가받게 되었습니다. 단 모더니즘의 영향으로 시각적 순간의 감각이 텍스타일에 영향을 줌에 따라서 텍스타일은 패턴화된 경향은 보이지 않았습니다","F",""
"2","텍스타일의 시대별 발달과정에 대해 설명해 주세요.","19세기는 18세기 이전과 뚜렷한 차이를 보이지는 않았으며, 오히려 아르누보의 경향과 이념을 적극적으로 수용하였던 전통 직조는 그 이전의 전통양식으로 후퇴하는 경향을 보였습니다. 아르누보의 직조는 회화적인 표현을 모방하였으나 사실적인 형식에서 벗어나 형태를 단순화 또는 변형시켜 제작을 용이하게 하였습니다.","P","아르누보에 대해 설명해 주세요."
"2","현대의 텍스타일 디자인에 대해 설명해 주세요.","텍스타일 날염은 1900년 이후 기술적 진보가 이루어졌습니다. 1907년 영국에서 스크린 프린트 기법이 특허를 받았으며, 25년 후에는 상업적으로 성공하였습니다. 초기의 스크린 프린트는 종이와 펠트지에 사용되었는데, 페인트 염료가 발달하지 못하여 현수막이나 기와 같은 뻣뻣한 직물에 사용하는 정도였습니다.","P","스크린프린트기법에 대해 설명해 주세요."
"2","현대의 텍스타일 디자인에 대해 설명해 주세요.","1940년 화학염료의 개발로 염료와 안료의 질은 좋아졌으나, 스크린 스텐실 기법은 속도와 용이성을 제외하고는 별다른 변화 없이 지금까지 계속되고 있습니다. 미국은 제1차 세계대전 이전까지는 유럽의 허가를 받아야만 산업용 염료를 생산할 수 있었습니다. 그러나 제1차 세계대전 중 정치적인 문제로 염료를 생산할 수 없게 되자 염료를 개발하기 시작했습니다.","P","스크린스텐실에 대해 설명해 주세요."
"2","현대의 텍스타일 디자인에 대해 설명해 주세요.","현대의 텍스타일 디자인은 그다지 각광받고 있지 않습니다. 패턴화된 텍스타일의 수요가 사라지고 독창성 있는 디자인에 대한 수요가 급증함에 따라 현재 텍스타일은 가구와 같은 클래식한 디자인에 한하여 사용되고 있습니다.","F",""
"2","현대의 텍스타일 디자인에 대해 설명해 주세요.","화학염료의 발달로 인해서 염료와 안료의 종류가 다양해짐에 따라서 현대의 텍스타일 디자인은 보다 진보하였습니다. 그러나 화학염료의 경우 생활용품에서 사용할 경우 인체에 유해할 가능성이 높아서 생활용품에 텍스타일이 사용되고있지는 않습니다","F",""
"2","현대의 텍스타일 디자인에 대해 설명해 주세요.","기술적 진보에 따라서 텍스타일은 디지털화되었습니다. 이로인해 안료와 염료에 대한 고려를 하지 않아도 텍스타일을 생산할 수 있게 되었으며 그 크기 역시 자유자재로 조절할 수 있게 됨에 따라서 현재는 가장 각광받는 디자인 기법이 되었습니다","F",""
"2","현대의 텍스타일 디자인에 대해 설명해 주세요.","염료와 염색기술의 혁신적인 발달로 다양한 디자인의 직물이 대량생산되었으며, 재료 개발과 장식 기술의 영역 확대 등과 같은 미국 공예가들의 끊임없는 연구와 개발은 산업의 활성화에 중요한 기반이 되었습니다. 또한 산업 발달에 따른 여러 가지 생활용품도 디자인의 수요를 증가시키는 계기가 되어 다양한 표면 디자인이 생산되기 시작했습니다.","P","표면 디자인이 무엇인지 설명해 주세요."
"2","프랑스, 이탈리아, 영국의 텍스타일 디자인에 대해 설명해 주세요.","프랑스는 이탈리아의 영토였던 시칠리아가 8세기경에 프랑스 샤를 1세에 의해 프랑스 영역으로 편입되자 프랑스 왕조는 이 시칠리아에 직조 공방 체제를 정착시킴으로써 직조 문화의 새로운 도약을 시도하였습니다. 비단을 주로 사용하였고, 도안은 식물, 꽃, 동물 등이 복잡하게 장식된 양식으로 나타났습니다.","P","디자인 측면에서 시칠리아 지방의 중요성에 대해 설명해 주세요."
"2","프랑스, 이탈리아, 영국의 텍스타일 디자인에 대해 설명해 주세요.","이탈리아는 독교 문화의 바탕 위에 동방문화를 수용함으로써 그들의 전형적인 문화를 창출하였던 동로마 제국의 비잔틴문화에서 보듯이 다분히 주변 국가들의 문화와 예술의 여러 경향을 혼합하고 있습니다. 이탈리아의 직조에서 동양의 장식 형태나 문양이 나타나고, 이집트, 이슬람의 직조 기법이나 형식이 흔히 발견되는 것도 이 때문입니다.","P","비잔틴 문화에 대해 설명해 주세요."
"2","프랑스, 이탈리아, 영국의 텍스타일 디자인에 대해 설명해 주세요.","프랑스의 경우 독실한 카톨릭 문화가 자리잡고 있기 때문에 동로마 제국에서부터 이어져오는 텍스타일 기법을 전통적으로 채택하고 있습니다. 따라서 프랑스에 위치한 성당에서라면 어디서든지 텍스타일 문양을 쉽게 찾아볼 수 있습니다","F",""
"2","프랑스, 이탈리아, 영국의 텍스타일 디자인에 대해 설명해 주세요.","영국에서는 텍스타일이 독창적으로 개발되었습니다. 블록날염이라는 자체적인 기술을 통해서 직조 문화의 새로운 시대를 열게 되었으며 도안은 보통 군대에서 많이 사용함에 따라서 방패나 검과 같은 문양이 자주 사용되어왔습니다","F",""
"2","프랑스, 이탈리아, 영국의 텍스타일 디자인에 대해 설명해 주세요.","이탈리아는 동로마 제국을 계승하여 전통적인 텍스타일 문양을 추구하였습니다. 동로마 제국이 영토가 확장됨에 따라 타국의 문화가 많이 유입되었음에도 텍스타일은 종교적인 색채가 강한 디자인이었기 떄문에 그대로 유지되었습니다","F",""
"2","프랑스, 이탈리아, 영국의 텍스타일 디자인에 대해 설명해 주세요.","영국에서는 일찍부터 블록날염을 사용하였으며, 독일을 비롯한 여러 나라에서도 이와 비슷한 날염법이 있었던 것으로 짐작 됩니다. 1676년 무렵 값비싼 벨벳 대신 실크나 플록 프린트가 개발되었고 1700년에는 인디언 날염이 널리 확산되었고, 18세기 초에 이르러 날염 산업은 염색기법과 함께 전성기를 맞이하였습니다.","P","플록 프린트에 대해 설명해 주세요."
"2","이집트와 페루의 텍스타일 디자인에 대해 설명해 주세요.","이집트의 직물과 의류는 BC 3000년 이전까지 거슬러 올라갈 정도로 유구한 역사와 전통을 지닙니다. 이미 BC 2~3세기에 근대의 전통 직조와 흡사한 형태들이 출현하였으며, 더욱이 BC 1483년으로 확인된 직조의 조각이 발견됨으로써 이집트인들이 그 당시에 이미 수직만이 아닌 베틀 같은 간단한 직조 기구를 사용했을 것으로 추정하고 있습니다.","P","기원전에 사용했던 직조 기구에 대해 설명해 주세요."
"2","이집트와 페루의 텍스타일 디자인에 대해 설명해 주세요.","나스카 시대에 이루어졌던 전통적인 페루 직물의 원형으로 간주되는 이들 유물들에서 BC 2000년경에 아마, 면 등을 경작하여 섬유로 사용했음을 알 수 있습니다. 날염 직물의 모티프가 반복적으로 사용된 것은 AD 700~1100년경으로 추정됩니다. 모티프는 대부분 원시적인 스텐실, 도장 찍기, 롤러 등의 기법으로 만들어졌습니다.","P","나스카 문명이 디자인에 미친 영향을 설명해 주세요."
"2","이집트와 페루의 텍스타일 디자인에 대해 설명해 주세요.","이집트의 직물은 역사적으로 가장 오래된 텍스타일 디자인으로 꼽히고 있습니다. 주로 날염 직물로 만들어졌으며 모티프는 대부분 원시적인 경우가 많습니다. 다산, 풍확 등의 주제가 주로 사용되었으며 기구에 대한 수요는 없는 것으로 추정됩니다","F",""
"2","이집트와 페루의 텍스타일 디자인에 대해 설명해 주세요.","페루의 텍스타일은 오리엔탈리즘이 강화되어 굉장히 고평가되었었으나 현재는 원시적이라는 평가를 받고 있습니다. 단, 베틀과 같은 단순한 직조기구의 흔적이 보여 최초로 직조기구를 사용한 문명으로 평가받고 있습니다.","F",""
"2","이집트와 페루의 텍스타일 디자인에 대해 설명해 주세요.","페루와 이집트 텍스타일 디자인의 공통점은 도장 찍기를 통해서 이뤄졌다는 점입니다. 또한 그 시기가 일치하여 고고학자들은 해당 텍스타일 디자인을 통해 두 국가에 교류가 있었다는  명확한 증거를 파악할 수 있다고 주장하고 있습니다","F",""
"2","디자인 측면에서 물류에 대해 설명해 주세요.","연료나 배송비용이 증가하고 세계적으로 공급과 수요가 지리적으로 보다 분산됨에 따라 제품은 늘어나는 이들 운송비용을 줄이는 디자인을 필요로 하게 되었습니다. 제품이 포장되는 방법과 상점이나 실수요자 모두에게 배달되기 위해 수송되는 방법은 제품개발 주기 내에서 디자이너가 당면한 문제입니다.","P","운송비용을 줄이는 방안에 디자이너가 관여해야 하는 이유를 설명해 주세요."
"2","디자인 측면에서 물류에 대해 설명해 주세요.","물류의 효율성이란 최종 산물이 고객에게 보다 저렴한 가격에 환경적인 위해없이 빠르게 도달할 수 있는 것입니다. 이러한 방법에는 많은 투자가 필요하며 브랜드와 제품 양쪽에 있어서 품질의 일관성이라는 문제를 야기합니다. 이 같은 문제는 패션과 같이 회전율이 높고 생산에 특화된 기술이 크게 요구되지 않는 제품에서 보다 흔하게 나타납니다.","P","회전율의 의미를 설명해 주세요."
"2","디자인 측면에서 물류에 대해 설명해 주세요.","디자인과 물류는 서로 연관관계가 없습니다. 보통의 경우에 공급과 수요에 맞춰서 디자인이 구성되는 맞춤형 제작이 현대 디자인 사업의 핵심이기 때문에 물류 재고가 남을 경우의 수가 현저히 적으며 재고가 남더라도 즉각적으로 취합되기 때문입니다.","F",""
"2","디자인 측면에서 물류에 대해 설명해 주세요.","실수요자가 존재한다면 물류의 유효범위는 극대화됩니다. 따라서 디자인의 경우 실수요자가 존재하는 경우에 물류의 유효범위만큼 디자인이 확산될 가능성이 있으며, 해당 수요가 종결될 경우 역시 디자인은 해당 수요자의 범위에 따라 광범위하게 다시 확산됩니다.","F",""
"2","디자인 측면에서 물류에 대해 설명해 주세요.","물류의 효율성은 디자인의 측면에서 부정적인 기능을 합니다. 브랜드와 제품에 대한 품질의 일관성이 훼손될 수 있기 때문입니다. 따라서 디자인의 경우 물류에서 회전율이 약한 대상을 토대로 이어지는 경우가 많습니다.","F",""
"2","디자인 측면에서 물류에 대해 설명해 주세요.","실수요자와 디자인 관심사에 대한 근접성에 관련해 물류의 문제를 해결하는 또 다른 방법은 물류의 유효범위를 극대화 하는 것 입니다. 제품이 높은 금전적 가치를 가지고 크기는 작을 경우 물류의 유효범위 확대가 이루어집니다. 포장 요소를 포함한 전체적인 제품의 크기를 감소시키는 것은 물류의 유효범위를 향상시키는 가장 효율적인 방법입니다.","P","물류의 유효범위에 대해 설명해 주세요."
"2","디자인과 마케팅의 연관성에 대해 설명해 주세요.","디자인은 디자이너의 감각과 역량에만 의존하는 것이 아닙니다. 좋은 디자인은 좋은 기획에서 비롯됩니다. 시장의 속성으로 볼 때 디자인과 마케팅은 밀접한 관계를 가지고 있다. 사람들은 디자인의 매력, 디자인의 독특한 특징, 디자인으로 인한 편리성을 통해 제품 구매를 결정합니다. 이러한 선택 요인들은 모두 디자인과 깊은 관련을 맺고 있습니다.","P","디자인을 통해 제품구매 결정이 이뤄지는 것에 대한 의미를 설명해 주세요."
"2","디자인과 마케팅의 연관성에 대해 설명해 주세요.","아직 많은 사람들은 디자인 감각이 디자이너의 천재성과 개인의 독특한 감성에서 비롯된다고 알고 있으며, 디자이너들의 생각과 세상은 일반인들의 그것과는 다르다고 생각합니다. 그러나 디자이너와 마케터는 서로 이질적인 차이를 가진 것이 아니라 서로 이해하고 소통해야 하는 역할을 가진 주체이며, 디자이너는 창조적 경영을 위해 창조적 사고를 하는 또 다른 마케터입니다.","P","디자인이너의 독특한 감성이 마케팅과 어떻게 연결될 수 있는지 설명해 주세요."
"2","디자인과 마케팅의 연관성에 대해 설명해 주세요.","디자인적으로 우수한 제품의 경우 특정한 마케팅을 하지 않아도 제품의 수요가 활발하게 발생합니다. 따라서 디자인적인 결함이 있는 제품을 대상으로 마케팅을 하는 경우가 일반적이며 해당 제품의 마케팅을 통해서 재고를 처리하곤 합니다.","F",""
"2","디자인과 마케팅의 연관성에 대해 설명해 주세요.","디자인 감각은 디자이너의 천재성과 독창성에 전적으로 좌우되기 떄문에, 일반인은 디자이너의 생각에 공감할 수 없습니다. 따라서 마케터는 디자이너와 이질적인 생각을 가진 대상으로 끊임없이 충돌하는 경우가 많습니다.","F",""
"2","디자인과 마케팅의 연관성에 대해 설명해 주세요.","디자인은 사람들이 원하는 제품을 보다 풍요롭게 하기 위해서 반드시 필요한 마케팅의 일종입니다. 단, 소비자의 욕구와 기업의 이익은 상시적으로 충돌할 가능성이 많기 떄문에 디자인과 마케팅은 상호 견제하며 공존합니다.","F",""
"2","디자인과 마케팅의 연관성에 대해 설명해 주세요.","디자인은 사람들이 필요로 하는 물건을 만들거나 커뮤니케이션을 통해 서비스와 환경 등을 개발할 목적으로 이뤄지는 일련의 활동이며, 아이디어를 현실화하기 위한 체계적인 활동입니다. 돌을 이용해 무기나 도구를 만들어서 활용했던 원시인들뿐만 아니라 컴퓨터를 개발한 20세기의 과학자에 이르기까지 모두가 창조적 디자인 활동을 했다고 할 수 있습니다.","P","디자인을 통해 아이디어를 현실화 하는 과정을 설명해 주세요."
"2","디자인 기획에 대해 설명해 주세요.","디자이너가 기획을 한다는 것은 디자인 프로젝트를 진행하는 데 디자인 조직이 수행해야 하는 여러 가지 일을 계획하고, 조직원들의 업무를 분장해 어떻게 진행해야 하는지를 미리 짜는 일이라고 할 수 있습니다. 여기에서 ‘기획’은 어떠한 일을 달성하기위해 계획한다는 의미입니다.","P","기획과 계획의 차이점에 대해 설명해 주세요."
"2","디자인 기획에 대해 설명해 주세요.","디자인 프로젝트가 시작되면 일반적으로 아이디어를 내기 시작합니다. 이런 모습이 일반적인 디자인 조직의 모습이면서, 디자이너들이 가장 많이 저지르는 잘못된 모습이기도 합니다. 디자이너로서 프로젝트가 시작되면 가장 먼저 해야 할 일은 프로젝트의 목적을 명확히 파악하는 것입니다. 다시 말해 디자인을 통해서 고객이 요구하는 것이 무엇인지 정확히 알아내야 하는 것입니다.","P","아이디어 도출 전 프로젝트의 목적을 명확히 파악하는 것이 중요한 이유에 대해 설명해 주세요."
"2","디자인 기획에 대해 설명해 주세요.","디자이너가 디자인을 기획하는 것은 언제 어디서든 가능하게 되었습니다. 우선적으로 자신의 디자인을 생성한 뒤에 조직원들에게 해당 업무를 지급하는 형식으로 이뤄지며, 아이디어 내기를 프로젝트의 시작점으로 하는 경우가 많습니다","F",""
"2","디자인 기획에 대해 설명해 주세요.","디자인 프로젝트를 진행하는 것은 디자인 조직을 통해서 이뤄지는데, 조직원들의 업무 분담은 미리 짜서는 안됩니다. 해당 조직원들이 해당 프로젝트에 대한 전문성과 특이성을 고려해야하기 떄문에 디자이너의 기획에서는 분담을 제외하고 구성됩니다","F",""
"2","디자인 기획에 대해 설명해 주세요.","디자인 기획을 프로젝트할 때 가장 중요한 것은 해당 부서와 마케팅을 연계시키는 것입니다. 디자인이 잘 구성되더라도 마케팅의 단계를 반드시 거쳐야하기 떄문입니다. 따라서 마케팅에 디자인 기획은 귀속되는 프로젝트입니다.","F",""
"2","디자인 기획에 대해 설명해 주세요.","시장 트렌드를 파악하고 분석한다는 것은 소비자들의 욕구를 구체적으로 파악해 디자인 콘셉트를 구체화하는 일을 의미합니다. 일반적으로는 기업의 마케팅 부서에서 조사해서 디자인팀에 전달하는 것이지만 그렇지 못한 경우에는 디자인 조직에서 자체적으로 조사와 분석을 수행해야 할 경우도 있습니다.","P","트렌드 파악을 통해 콘셉트를 구체화 하는 과정에 대해 자세히 설명해 주세요."
"2","디자인 기획 프로세스의 결과물에 대해 설명해 주세요.","새로운 시장에서의 핵심 고객의 수요에 영향을 미치는 사회적, 문화적, 경제적 트렌드를 찾아내고, 고객이 좋아하거나 싫어하거나 또는 가치 있게 생각하는 느낌들을 아이디어로 만들어 낼 수 있도록 하는 것이 디자인 기획 프로세스를 통해 지속적으로 정제 과정을 거치면서 얻어 내야 하는 결과입니다.","P","핵심고객을 파악하기 위한 방법에 대해 설명해 주세요."
"2","디자인 기획 프로세스의 결과물에 대해 설명해 주세요.","디자이너는 디자인은 소비자들의 욕구를 읽어내고 그것을 만족시키기 위한 과정을 통해 기업이나 브랜드를 더욱 빛나게 하고 가치를 부여하는 중요한 요소임을 알아야 합니다.  디자인 콘셉트를 구체화하는 작업을 거친 후에 조사 자료 분석을 통해 나온 결과를 중심으로 아이디어를 개발하고, 아이디어를 구체화하는 일을 수행해야 합니다.","P","아이디어를 구체화하고 현실화 하기 위해 협업해야 하는 다른 직무자들에 대해 설명해 주세요."
"2","디자인 기획 프로세스의 결과물에 대해 설명해 주세요.","디자인 기획 프로세스의 결과물은 도박성이 짙습니다. 보통 해당 프로세스가 원활하게 완료되었다 하더라도 시장의 평가와 연관성이 극히 드물기 때문에, 프로세스의 성취도와 디자인의 결과물에 대한 성공을 연관지어서는 안됩니다.","F",""
"2","디자인 기획 프로세스의 결과물에 대해 설명해 주세요.","디자이너는 소비자의 욕구에 구속되어서는 안됩니다. 예술적인 제품을 만들기 위해서 소비자의 니즈와 타협하여서든 안되며, 해당 결과물이 나올 때까지 본인의 주관적 판단하에 움직여야합니다. 따라서 아이디어는 자의적 해석으로 구성되어야 합니다","F",""
"2","디자인 기획 프로세스의 결과물에 대해 설명해 주세요.","디자이너는 브랜드의 현재 가치와 타겟 소비자를 정확하게 파악해야합니다. 해당 브랜드가 어떤 소비자를 대상하는지에 따라서 디자인의 여부를 달리해야 하기 때문입니다. 보통의 경우 하이패션에 대한 브랜드는 실용성보다 디자인 중심으로 매스패션의 경우 실용성을 우선하게 디자인합니다","F",""
"1","디자인 측면에서 소비자를 이해하는 것이 왜 중요한지에 대해 설명해 주세요.","새로운 프로젝트나 디자인을 의뢰받은 디자이너가 단지 자신의 숙달된 감각대로 디자인을 만들었을 때, 과연 그 결과물이 고객 또는 소비자에게 긍정적인 반응을 얻을 수 있을지는 알 수 없습니다.  소비자들이 보이는 특별한 소비 패턴을 파악하고 이유를 알아내는 것이 중요합니다.","P","최근 소비자들이 고가의 명품 구입에는 망설임 없이 큰 돈을 지불하면서, 다른 부분에서는 애써 쿠폰을 수집해 대형 마트에서 저렴한 상품을 찾아 구매하는 소비 패턴이 나오는 이유가 무엇인지 설명해 주세요."
"1","디자인 측면에서 소비자를 이해하는 것이 왜 중요한지에 대해 설명해 주세요.","성공적인 디자인의 특징은 소비자들의 욕구와 필요성을 만족시킴으로써 소비자들의 기억에 남는 제품 또는 서비스가 되는 것이라고 볼 수 있습니다. 디자인은 제품이나 서비스를 통해 시각적으로 표현될 수도 있고 사용함으로써 표현될 수도 있습니다. 이러한 디자인을 개발할 때 중요한 것은 단순한 디자인이 아니라 소비자들을 더 잘 이해하는 것입니다.","P","소비자를 이해하기 위한 방안에 대해 설명해 주세요."
"1","디자인 측면에서 소비자를 이해하는 것이 왜 중요한지에 대해 설명해 주세요.","디자인 측면에서 소비자를 이해하는 이유는 제품을 구매하는 당사자이기 떄문입니다. 따라서 심미적으로 뛰어나지 않더라도 혹은 디자이너의 만족이 나타나지 않은 디자인이라고 할지라도 소비자의 니즈에 맞추어 디자인할 필요가 있습니다","F",""
"1","디자인 측면에서 소비자를 이해하는 것이 왜 중요한지에 대해 설명해 주세요.","디자인이 성공하기 위해서는 소비자의 욕구를 만족시켜야하기 떄문에 소비자를 이해하는 것이 중요합니다. 다만, 이를 실현하기 위해서는 디자인하는 제품이 대중적일 경우에 한할 뿐, 명품 브랜드는 해당되지 않습니다","F",""
"1","디자인 측면에서 소비자를 이해하는 것이 왜 중요한지에 대해 설명해 주세요.","디자인 측면에서 신규브랜드를 런칭할 때는 소비자를 이해하지 않아도 됩니다. 브랜드 가치를 소비자가 인지하지 못하기 때문입니다. 기업의 브랜드가 광범위하게 확장됨에 따라 해당 브랜드의 특징과 관련없이 오로지 소비자의 욕구를 만족시키는 방향으로 나아가야 합니다","F",""
"1","디자인 측면에서 소비자를 이해하는 것이 왜 중요한지에 대해 설명해 주세요.","소비자를 이해하기 위해서는 제품이나 서비스를 현재 누가 사용하고 있는지 알아야 합니다. 조사와 분석의 기본 목적은 그런 소비자의 특성을 파악하는 것입니다. 소비자들의 특성은 인구통계적 기준과 심리통계적 기준, 상품 또는 브랜드의 사용 정도, 그리고 브랜드 충성도 정도로 분류할 수 있습니다.","P","인구통계적기준에 대해 자세히 설명해 주세요."
"1","시장 조사의 효과에 대해 설명해 주세요.","시장 조사는 기업이 마케팅 활동과 디자인 프로세스를 실행하면서 발생하는 많은 문제점을 해결하고 수행 과정에서 의사결정을 하는 데 매우 중요한 역할을 합니다. 소비자들의 다양한 제품 사용 실태 등 조사를 통한 결과는 디자이너 또는 마케터가 고객의 또 다른 니즈와 제품을 통한 행동을 이해하고 활용할 수 있도록 도와줍니다.","P","시장조사 활용방안에 대해 설명해 주세요."
"1","시장 조사의 효과에 대해 설명해 주세요.","오늘날 시장은 점점 더 세분되고 있으며 소비자의 욕구 또한 다양해지고 있습니다. 상품이나 서비스를 소비자들과 커뮤니케이션하는 기업은 시장을 어떻게 이해했느냐에 따라 기업의 성패가 달라집니다. 대부분 성공한 기업은 많은 곳에서 다양한 시장 정보를 수집하고, 이 정보를 마케팅 전략과 디자인 프로세스에 반영합니다.","P","정보수집의 방안에 대해 설명해 주세요."
"1","시장 조사의 효과에 대해 설명해 주세요.","시장을 조사함으로써 소비자의 욕구를 이해할 수 있습니다. 단 디자인의 경우에 소비자의 스펙트럼이 좁은 경우가 많기 떄문에 시장 조사가 제품 생산의 필수가 아닌 선택적인 요소로서 기능하는 경우가 많습니다.","F",""
"1","시장 조사의 효과에 대해 설명해 주세요.","시장 조사는 소비자들의 다양한 제품 사용 실태를 파악하는 것으로서 시작합니다. 따라서 브랜드를 최초로 런칭할 때 주로 사용되며 이미 완성된 브랜드 평판과 고정적 수요자를 가지고 있는 경우는 굳이 시장 조사를 할 필요가 없습니다","F",""
"1","시장 조사의 효과에 대해 설명해 주세요.","시장 조사를 어떤 방식으로 했느냐에 따라서 같은 디자인의 제품도 다른 수요가 발생할 수 있습니다. 그러나 이는 마케팅의 측면일 뿐 디자인의 범위에 포함되지 않는 분야이기 때문에 디자이너는 이를 고려하지 않아도 됩니다","F",""
"1","시장 조사의 효과에 대해 설명해 주세요.","소비자를 이해하는 연장선상에서 시장 분석은 제품의 사용량과 사용자의 수, 유통, 경쟁자 등에 대한 조사와 분석을 통해 소비자를 좀 더 명확하게 이해할 수 있도록 도와주는 전략적으로 중요한 필수 요소입니다 디자이너는 소비자의 행동을 이해하고 마케팅 전략 수립에 적극 참여해 소비자의 니즈에 맞춘 아이디어를 개발해 내야 합니다.","P","시장 조사를 통해 얻은 유통 정보의 활용방안에 대해 설명해 주세요."
"1","디자인 전략의 관리에 대해 설명해 주세요.","전략이라는 단어는 군사 용어로 자주 사용해 왔으나, 오늘날 비즈니스에서 전략은 목적 달성을 위한 기본 방침이며 활동을 관리하는 계획이라는 의미로 많이 사용합니다. 디자인 전략은 기업의 목적 달성을 위해 디자인을 어떻게 효율적으로 사용할 것인지를 결정하는 방침입니다.","P","전략과 계획의 관계에 대해 설명해 주세요."
"1","디자인 전략의 관리에 대해 설명해 주세요.","디자인 전략은 제품이나 서비스의 차별화 가능성과 소비자의 욕구, 제품의 개선점과 아이디어 등과 관련해 해결해야 하는 문제들을 포함하고 있습니다. 이러한 문제들을 해결하는 방식이 전략의 본질이다. 이런 문제가 비즈니스 언어와 행동으로부터 디자인 행동으로 옮겨지면 그것이 디자인 전략의 기본이 됩니다.","P","제품 디자인 측면에서 해결해야하는 문제가 무엇이 있는지 설명해 주세요."
"1","디자인 전략의 관리에 대해 설명해 주세요.","디자인에 대한 전략은 기업의 이념과 비전 목적 등에 따라서 그 디자인 원칙을 달리해야 합니다. 대부분의 기업은 영리적인 측면이 강하기 떄문에 디자인의 심미적인 측면보다는 원가의 절감과 최대한 단순한 디자인을 추구하는 전략을 대부분 사용합니다","F",""
"1","디자인 전략의 관리에 대해 설명해 주세요.","디자인 전략은 오로지 소비자의 욕구에 우선적으로 맞춰져있습니다 .따라서 완성도 있는 디자인을 만들었다고 하더라도 해당 디자인이 소비자의 욕구와 맞지 않는다면 즉각적으로 폐기하는 결단력이 필요합니다.","F",""
"1","디자인 전략의 관리에 대해 설명해 주세요.","디자인 전략은 제품이나 서비스의 차별화를 하는 것을 목표로합니다. 이를 통해 소비자가 해당 디자인을 우선적으로 파악할 수 있도록 합니다. 그러나 디자인의 개선만으로는 소비자의 욕구나 제품의 문제점을 파악할 수 없기 떄문에 디자인 전략에서 문제 해결 프로세스는 작동하지 않습니다.","F",""
"1","디자인 전략의 관리에 대해 설명해 주세요.","디자인 전략은 디자인 목표, 디자인 영역, 운영 정책 등으로 구성됩니다. 디자인 목표는 기업의 이념과 비전, 목적 등에 따라 디자인의 지향점, 디자인의 가치, 디자인 원칙 등을 고려해 설정하게 됩니다. 디자인의 영역은 비즈니스 영역은 물론 디자인의 활용 방법에 따라 결정하게 됩니다.","P","디자인 전략 관리 측면에서의 운영 정책에 대해 설명해 주세요."
"2","성공적인 디자인 전략 개발을 위해 필요한 사항에 대해 설명해 주세요.","성공적인 디자인 전략의 개발에는 콘셉트와 의미, 디자인 등 많은 상상력이 요구됩니다. 또한 전략은 조직 내 갈등을 일으키기도 하는데, 때문에 디자인 프로세스를 수행하는 과정은 어렵고 힘들 수 있습니다. 따라서 디자이너들은 마케팅 조직 또는 기업의 전략 조직과 밀접한 관계에 있는 구성원임을 인식할 필요가 있습니다.","P","디자이너들과 갈등을 일으킬 수 있는 기업의 조직에 대해 설명해 주세요."
"2","성공적인 디자인 전략 개발을 위해 필요한 사항에 대해 설명해 주세요.","풍부하고 차별화된 아이디어는 조직 내에서 자주 개발됩니다. 조직은 소비자, 직원, 시스템, 생산, 자원 등 광범위한 시스템으로 구성되어 있어서 다양하고 많은 정보를 확보하기가 수월합니다. 디자이너는 이러한 유용한 정보들을 새로운 아이디어를 개발하는 데 적극 활용해야 합니다.","P","조직의 시스템을 효율적으로 활용하기 위한 방안에 대해 설명해 주세요."
"2","성공적인 디자인 전략 개발을 위해 필요한 사항에 대해 설명해 주세요.","성공적인 디자인을 개발하기 위해서 가장 중요한 것은 타협하지 않는 것입니다. 소비자는 값싼 물건과 실용성을 우선적으로취급하는 합리적인 대상이기 때문에 성공적인 디자인을 위해서는 소비자와 타협하지 않는 것이 가장 중요합니다","F",""
"2","성공적인 디자인 전략 개발을 위해 필요한 사항에 대해 설명해 주세요.","차별화된 아이디어가 성공적인 디자인을 이끕니다. 따라서 기존에 시장에 존재하는 타기업의 제품에 대한 디자인에 대해서는 무관심한 것이 오히려 풍부한 아이디어를 생산할 가능성을 높여주기 때문에 시장 조사를 할 필요가 없습니다","F",""
"2","성공적인 디자인 전략 개발을 위해 필요한 사항에 대해 설명해 주세요.","성공적인 마케팅이 성공적인 디자인을 가져오게 됩니다. 해당 제품이 상품성이 이미 존재할 경우에 디자인을 첨가하여 해당 제품에 장점을 가산할 수 있지만 성공적인 마케팅이 존재하지 않는다면, 디자인은 무용지물이 되기 떄문에 마케팅이 잘 된 제품만을 대상으로 디자인 전략을 하는 것이 효과적입니다","F",""
"2","성공적인 디자인 전략 개발을 위해 필요한 사항에 대해 설명해 주세요.","디자인 전략을 수행하는 동안에는 반드시 계획에 따르고 있는지 점검해야 하며, 진행 과정의 평가와 조정 또한 반드시 필요하합니다. 디자인 전략은 클라이언트로부터 주어진 예산과 자원의 한도 내에서 실행해야 하기 때문에 디자인 전략이 의도한 대로 진행되며 효과를 발휘하고 있는지 판단하고 분석할 필요가 있습니다.","P","디자이너가 점검해야 하는 주요 사항들에 대해 설명해 주세요."
"1","디자인 측면의 차별화 방안에 대해 설명해 주세요.","최초를 이용한 차별화가 있습니다. 어떤 시장이나 카테고리에서 제일 먼저 제품을 출시했다는 사실 때문에 소비자들은 그 기업의 차별성을 가장 쉽게 기억하며 강하게 인식합니다. 때문에 기업은 ‘원조’라는 자리를 확보하며 차별화에 성공합니다. 소비자들은 시장에서 최초의 제품을 선호하는 현상을 보입니다.","P","최초를 이용한 차별화 사례를 설명해 주세요."
"1","디자인 측면의 차별화 방안에 대해 설명해 주세요.","전통을 이용한 차별화 방안은 오랜 전통을 가진 기업은 소비자들에게 업계 선두라는 이미지를 강하게 남긴다는 점에서 착안한 것입니다. 역사가 오래된 제품들은 소비자에게 신뢰를 가져다줍니다. 하지만 그것은 어느 지역에서 또는 어느 나라의 전통이냐에 따라 그 의미가 달라집니다.","P","전통의 긍정적 효과에 대해 설명해 주세요."
"1","디자인 측면의 차별화 방안에 대해 설명해 주세요.","디자인 측면에서 차별화를 하기 위해서는 디자인 단독적인 구별만으로는 불가능하며 제품 자체의 차별화가 있어야 합니다. 따라서 기능이 같은 두 제품의 경우 디자인이 다르다는 이유만으로 차별화가 진행되는 것은 불가능합니다.","F",""
"1","디자인 측면의 차별화 방안에 대해 설명해 주세요.","차별화된 디자인을 위해서는 제품의 가격을 상승시켜야 합니다. 소비자의 사치적 성질을 이용하여 같은 디자인일지라도 가격이 높은 제품의 경우 소비자가 더 디자인에 대한 만족감이 높기 때문에, 전문적으로 디자인 기획된 제품은 높은 가격으로 팔아야 합니다","F",""
"1","디자인 측면의 차별화 방안에 대해 설명해 주세요.","제품과 서비스가 가지고 있는 속성을 디자인이 설명하게 된다면, 구시대적 디자인이라고 할 수 있습니다. 현재 디자인의 흐름은 제품과 전혀 무관한 디자인을 통해서 해당 제품의 용도를 소비자가 기억하지 못하도록 하는 것이 가장 훌륭한 디자인으로 평가받고 있습니다","F",""
"1","디자인 측면의 차별화 방안에 대해 설명해 주세요.","제품이나 서비스가 갖고 있는 독특한 속성을 내세워 커뮤니케이션하는 것은 차별화하는 방법 중 가장 좋은 것입니다. 하지만 경쟁사도 동일한 속성을 갖고 있다면 다른 속성을 찾아내야 합니다. 가장 강력한 속성은 단순하면서도 제품의 장점을 뚜렷이 보여 줄 수 있는 것 입니다.","P","장점을 부각시키기 위한 디자인적 요소에 대해 설명해 주세요."
"1","트렌드의 의미에 대해 설명해 주세요.","트렌드의 사전적 의미는 경향이나 동향, 추세 또는 단기간 지속되는 변화나 현상을 의미합니다. 이것을 비즈니스의 관점에서 정리하면 현재 소비자들이 원하고 마음을 주고 있는 스타일이나 라이프스타일에 영향을 주는 어떠한 현상이라고 이야기할 수 있을 것입니다. 오늘날 시장은 끊임없이 변화하며 새로움을 추구하기 때문에 트렌드를 파악하는 것이 중요합니다.","P","트렌드가 디자인에 미치는 영향에 대해 설명해 주세요."
"1","트렌드의 의미에 대해 설명해 주세요.","현재 시장은 빠르게 변화하며 지속적으로 새로움에 대한 갈망을 보여줍니다. 지금과 같은 상품과 정보의 홍수 속에서 소비자들의 욕구는 다양해지고 있으며 쉽게 변하기까지 하고 있습니다. 이제 소비자들이 브랜드를 찾아 따라다니던 시대는 지나고 수많은 선택의 조건에 즐거워 합니다.","P","트렌드에서 찾을 수 있는 새로움에 대해 설명해 주세요."
"1","트렌드의 의미에 대해 설명해 주세요.","트랜드란 시장의 주요한 흐름을 의미합니다. 보통의 경우 트렌드를 따르는 디자인의 경우 유사한 특징을 가지고 있기 떄문에 디자이너는 트랜드와 적대적인 관계를 통해 새로운 디자인을 만드는데 집중해야 하는 직업입니다.","F",""
"1","트렌드의 의미에 대해 설명해 주세요.","트렌드란 예측 불가능합니다. 현재 시장은 지속적인 변화를 겪고 있으며 지속적으로 새로움에 대한 갈망을 보이기 떄문에 트렌드를 따르려는 것은 굉장히 위험하며, 기업이 가장 잘하는 것을 하며 트렌드가 해당 제품이 되도록 기원하는 것이 최선입니다","F",""
"1","트렌드의 의미에 대해 설명해 주세요.","트렌드는 동향, 추세, 변화에 대한 현상을 의미합니다. 경영학적 관점에서 보면 소비자가 시의적으로 원하는 것으로 정의되며, 해당 트렌드를 디자인에 적용시킬 경우, 이는 제품이 아닌 하나의 시대적 예술로서 평가받고 있습니다","F",""
"2","디자인 트렌트의 특징에 대해 설명해 주세요.","디자인 트렌드 분석은 소비자의 라이프스타일과 패션 경향을 기반으로 소비자 선호도의 변화, 다양한 사회문화적 트렌드와 기술 시장의 트렌드 변화, 새로운 콘셉트의 제품, 형태, 소재, 컬러 등의 세분화한 트렌드를 분석해 디자인 요소에 초점을 맞추는 것이라고 할 수 있습니다.","P","트렌드를 통해 라이프 스타일을 파악하는 것이 왜 중요한지 설명해 주세요."
"2","디자인 트렌트의 특징에 대해 설명해 주세요.","디자이너들에게 감성을 충전하고 감각적인 마인드를 찾기 위해서 디자인 트렌드를 읽고, 찾고, 모으고, 분석하는 것은 디자인 기획을 입안하기 전에 실시하는 그 어떤 단계의 조사 분석보다 중요합니다. 디자인 트렌드는 과학적이고 전문적인 조사를 통해 조사하고 계획해야 합니다.","P","디자이너가 수행할 수 있는 과학적이고 전문적인 트렌드 조사 방법에 대해 설명해 주세요."
"2","디자인 트렌트의 특징에 대해 설명해 주세요.","디자인 트렌드의 분석은 소비자를 겨냥하여서는 안됩니다. 소비자는 수동적인 주체이기 떄문에 해당 제품을 판매하는 경쟁 업체나 정부의 정책, 해외의 시장 평가 등 외부적인 요인을 통해서만 분석 가능하다는 특징을 가지고 있습니다","F",""
"2","디자인 트렌트의 특징에 대해 설명해 주세요.","디자인 트렌드는 소비자가 정하는 것이 아닙니다. 소비자는 비합리적이기 떄문에 유명세를 얻은 디자이너가 말하는 트렌드에 수동적으로 반응하는 것이 일반적입니다. 따라서 트렌드 분석은 제품을 디자인할 때 고려해서는 안됩니다.","F",""
"2","디자인 트렌트의 특징에 대해 설명해 주세요.","디자인 트렌드에 대한 분석은 경쟁 업체가 어떠한 제품을 만들었는지만 파악하면 됩니다. 해당 제품이 트렌드를 주도하고 있다면, 해당 제품을 모조하는 것이 합리적이며, 해당 제품이 트렌드를 따라가지 못한다면, 디자인보다 대량생산을 통해 시장 점유율을 확보하는 것이 합리적입니다","F",""
"2","디자인 트렌트의 특징에 대해 설명해 주세요.","트렌드는 한순간 일시적으로 떴다가 사라지는 유행 같은 현상이 아니라 소비자들을 구매로 이끄는 원동력이라는 것이다. 마케터들이 트렌드 분석에 관심과 시간을 많이 투자하는 이유도 여기에 있다고 할 수 있다. 국내외 정치, 경제, 사회, 문화의 주요 현상 등을 분석해 다음 시즌의 소비자 라이프스타일을 제시해야 합니다.","P","디자이너가 트렌드 분석 이후 제시해야 하는 사항에 대해 설명해 주세요."
"1","제품 디자인에 있어서 유통을 고려하는 것이 중요한 이유를 설명해 주세요.","공급의 다양한 영역 사이에 존재하는 정보의 흐름은 특정한 디자인 개발을 위한 새로운 시각과 잠재력을 제공할 수 있습니다. 예를 들어 트라크레아의 행잉 트레일리스는 유통 경로와 저장 능력에 대한 관찰을 디자인의 일부로 여깁니다. 디자인 방법이 전체에 프로젝트에 혜택을 줄 수 있는 영역이 분명히 존재합니다","P","행잉 트레일리스에 대해 설명해 주세요."
"1","제품 디자인에 있어서 유통을 고려하는 것이 중요한 이유를 설명해 주세요.","일단 제품이 완성되고 실수요자에 대한 배급이 준비되면 기업들은 제품의 가시성에 몰두합니다. 생산자는 그들의 유통경로, 소매점, 온라인 상점의 활용등을 통해 직접 제품을 얻습니다. 디자이너에게는 이들 여러 단계에서 제품에게 어떤 일이 일어나는지를 고려하는 일이 중요합니다.","P","온라인 상점의 제품 디자인은 어떤 측면을 부각시켜야 하는지 설명해 주세요."
"1","제품 디자인에 있어서 유통을 고려하는 것이 중요한 이유를 설명해 주세요.","디자인과 유통은 연관관계가 없습니다. 대부분의 디자인은 제품에 대해 제품이 소모되기 전까지 영구적이라는 특징이 있기 떄문에 유통과정에서 제품이 파손되지 않는한, 디자인이 누락되거나 소실되는 일은 불가능하기 떄문입니다.","F",""
"1","제품 디자인에 있어서 유통을 고려하는 것이 중요한 이유를 설명해 주세요.","제품이 완성된 후 소비자에게 전달되기 전까지 소비자는 제품을 간접적으로 인지합니다. 따라서 유통과정이 길수록 자극적인 디자인을 통해 소비자에게 전달되어야 하며, 유통과정이 짧다면 디자인은 소비자에게 고려대상이 아니게 됩니다","F",""
"1","제품 디자인에 있어서 유통을 고려하는 것이 중요한 이유를 설명해 주세요.","디자인에 대한 유통을 고려하는 것은 제품의 경우에는 디자인이 제품이 소모되지 않는 이상 영구적이기 떄문에 서비스의 경우에 한정됩니다. 서비스는 하나의 무형 노동을 사고파는 행위이기 떄문에 제품의 디자인이 정확해야 유통과정이 짧아질 수 있기 때문입니다","F",""
"1","제품 디자인에 있어서 유통을 고려하는 것이 중요한 이유를 설명해 주세요.","갤러리에서부터 박람회까지 제품을 어디에서 보게 되느냐와 어떻게 보이느냐는 중요한 고려사항 입니다. 컨셉이 보다 실험적인 즉 제품보다는 예술품에 가까운 경우는 갤러리에서 디자인 아이디어에 주어지는 반응에 대한 통찰력을 제공합니다. 디자이너의 자질에는 제품 개발과 공급에 속한 모든 사람들과 유익한 대화를 진행할 수 있는 능력이 포함됩니다.","P","예술품의 유통에 있어서 디자이너는 어떤 방안을 고려할 수 있을지 설명해 주세요."
"1","패턴에 대해 설명해 주세요.","패턴은 선, 공간, 형, 색으로 형성되어 무지의 직물이 나타낼 수 없는 관심을 불러일으키며 시선을 끕니다. 외관상의 크기, 무게, 섬세, 장중, 안정 또는 활동 등에 상당한 영향을 주며, 직물과 의복에 광범위하게 적용되어 융통성 있는 특성을 부여합니다. 패턴의 물리적, 심리적 효과가 결합해 독특한 느낌을 창출합니다.","P","패턴이 전달하는 느낌에 대해 예제를 들어 설명해 주세요."
"1","패턴에 대해 설명해 주세요.","무늬는 캐릭터를 다양하게 표현합니다. 무늬에 따라 느껴지는 감정은 캐릭터에 곧바로 대입됩니다. 직선적인 무늬와 곡선적인 무늬, 규칙적이거나 불규칙한 배열로 이루어진 무늬들은 캐릭터에 다양한 물리적, 심리적 효과를 준다. 직선적인 무늬는 딱딱하고, 곧고 정직하고, 스포티한 이미지를 주고 곡선적인 무늬는 부드러운, 여성스러운, 귀여운 이미지를 줍니다.","P","직선과 곡선이 전달하는 특징을 비교해서 설명해 주세요."
"1","패턴에 대해 설명해 주세요.","패턴이란 9개의 점을 사용자가 정한 순서대로 이어서 푸는 스마트폰의 개인 보안 시스템으로 잠금해제 방식의 일종입니다. 안드로이드가 런칭됨에 따라 그 역사가 시작되었으며 보편적으로 3x3 총 9개의 점이 쓰이며 경우의 수는 389,112가지입니다.","F",""
"1","패턴에 대해 설명해 주세요.","텍스타일 디자인이 현대화되면서 이를 현대 디자인에서는 패턴으로 불리게 되었습니다. 나아가 패턴은 텍스타일에서 사용하는 기하학적 반복 뿐만 아니라, 3차원적 대상에도 적용가능하며 그 범위를 확장시키고 있는 개념입니다.","F",""
"1","패턴에 대해 설명해 주세요.","패턴 인식이란 사태가 주어졌을 때 그러한 사태를 인과적으로 현현할 수 있는 특정한 규칙을 지각하고 그것을 사태의 본질로 이해하는 일입니다. 따라서 새로운 지식을 습득하기 위해서 자주 사용하며 심리학에서는 이를 본능이 아는 사회적인 계약의 일종으로 봅니다.","F",""
"1","패턴에 대해 설명해 주세요.","무늬는 장식을 목적으로 표면에 나타낸 형상을 말합니다. 점 ·선 ·면 ·색의 구성, 또는 그들의 질서 있는 배열로 이루어집니다. 색이 제한적으로 사용되거나 배제된 흑백 의 경우 무늬는 일차적으로 시선을 사로잡습니다. 무늬는 무채색의 단조로움에 활력을 주고 감각으로 채워 풍성한 볼거리를 제공합니다.","P","패턴은 질서 있는 배열입니다. 무질서한 배열이 패턴이 되려면 어떤 항목이 추가되어야 하는지 설명해 주세요."
"1","유행에 대해 설명해 주세요.","유행은 아이디어나 이노베이션의 보급과정의 한 영역입니다, 즉 풍습이나 관습에 대하여 일정 기간 상당수의 사람들이 어떤 행동양식을 자유로이 선택·채용·폐기함으로써 생기는 광범위한 사회적 동조행동현상을 말합니다. 일반적으로는 사소한 것으로부터 유행이 생겨나기 시작합니다.","P","동조행동현상에 대해 자세히 설명해 주세요."
"1","유행에 대해 설명해 주세요.","유행을 채택하거나 폐기하는 것은 개인의 자유의사에 맡겨지나 관습이나 규범과는 달리, 사회적인 통제나 제재가 따르지 않습니다. 주로 타인의 눈을 의식하는 데서 성립하며, 가치의 변화를 포함하고 있으므로, 사회적 영향이 강화되면 문화변동을 촉진하는 요인이 되기도 합니다.","P","유행이 문화변동을 촉진한다는 의미에 대해 설명해 주세요."
"1","유행에 대해 설명해 주세요.","유행이란 트렌드와 유사한 개념입니다.즉, 단기간 지속되는 변화나 현상을 말하며, 이를 비즈니스 관점에서 정리하면 소비자가 원하는 스타일이나 브랜드 등을 의미합니다. 그러나 유행은 지속적으로 변화하기 떄문에 시장 분석에서 제외되는 경향이 있습니다","F",""
"1","유행에 대해 설명해 주세요.","유행이란 개인의 자유의사에 의해서 정해집니다. 유행의 특징은 비사회적이기 때문에 사회가 유행을 강제적으로 생성하는 것이 불가능하며, 이를 생성하여도 굉장히 단기적입니다. 따라서 유행은 사회적 영향에 영향을 주지도, 받지도 않습니다.","F",""
"1","유행에 대해 설명해 주세요.","유행이란 어떤 아이디어가 시장성이 높아짐에 따라서 대중화되는 경향을 의미합니다. 주로 사회학적으로 설명되는 동조행위에 의해서 발생하는 것으로, 보통의 경우 기업이 제품을 선도함으로써 유행이 생겨났다가 해당 제품의 재고가 0이되면 사라지는 휘발성이 강한 경향을 보입니다.","F",""
"1","모형에 대해 설명해 주세요.","학문이나 산업의 각 분야에서 실험 ·전시 ·교육 등의 다양한 용도를 가진 실용적인것과 장식물 또는 제작과정을 즐기는 사람들의 취미대상이 되는 것으로 크게 분류합니다. 또, 확대모형 ·실물크기모형 ·축소모형으로 분류하며 용도에 따라적절히 구분합니다. 학문이나 산업 발전에 호응하여 그 중요성이 높아져서 재료나 장치의 개발도 추진되고 있습니다.","P","확대모형이 많이 쓰이는 디자인 분야에 대해 설명해 주세요."
"1","모형에 대해 설명해 주세요.","모형은 그림이나 어떤 물건을 복사한 것이거나 또는 추상화된 어떤 것이 될 수 있습니다. 모형 내에서의 관계나 대상을 나타내기 위해서 수식, 언어적 진술, 상징적 기호, 도표적 방법 또는 전기기계적 도구 등이 동원됩니다. 때로는 한 분야에서 이미 잘 알려진 모형이나 구조체계를 새로운 분야나 영역에 대한 통찰과 전망을 얻기 위하여 이용하는 경우도 있습니다.","P","모형을 나타내는 방식 중 그림에 대해 자세히 설명해 주세요."
"1","모형에 대해 설명해 주세요.","모형이란 어떤 그림 혹은 물건을 있는 그대로 모방하여 만들어진 것을 의미합니다. 따라서 모형을 만드는 행위는 지식재산권을 침해한 행위로 저작권법에 의거하여 우리나라에서 처벌의 대상입니다. 단, 교육적인 목적의 모형은 제외됩니다","F",""
"1","모형에 대해 설명해 주세요.","한 사회에는 다양한 모형이 존재하며 학문이나 산업 발전에도 중요한 역할을 하기도 합니다. 주로 인간이 접근할 수 없거나 익숙하지 않는 것에 대한 관찰 혹은 학습에 사용되는 경우가 대부분이지만, 현재는 영상매체의 발달로 인하여 사용 빈도가 감소했습니다","F",""
"1","모형에 대해 설명해 주세요.","모형은 모델링의 일종으로, 어떠한 제품이 닮고 싶어하는 제품을 의미합니다. 따라서 모형을 통해 출시 전 제품의 시장가치를 간접적으로 파악하며, 해당 제품의 생명주기 또한 파악할 수 있다는 장점을 가지고 있습니다.","F",""
"1","모형에 대해 설명해 주세요.","모형과 이론을 혼용하여 쓰는 경우도 있으나 일반적으로 모형은 이론발전의 전 단계인 것입니다. 또한 이들이 주어진 현상간의 관계를 설명하기 위한 개념체계인 점에서 동일하나 모형의 경우에는 그 일부가 주어진 현상과 일치하지 않는 경우에도 모형으로서 인정될 수 있으나, 이론의 경우에는 이것이 수정되어야 하거나 이론 자체가 부정됩니다.","P","모형과 이론의 관계에 대해 설명해 주세요."
"1","자수에 대해 설명해 주세요.","직물, 편물, 망, 피혁, 종이류 등의 표면에 실, 끈 종류, 천 조각, 피혁, 비즈, 깃털 등으로 누빈다든지, 붙인다든지, 묶는다든지, 끼워넣는 등으로 장식하는 수예기법 및 그런 작품의 총칭을 자수라고 부릅니다. 또한 '실로 그리는 회화'라고도 부르며, 장식 뿐만 아니라 순수한 예술적 표현 수단으로서도 평가됩니다.","P","자수가 수예기법으로 인식되는 이유에 대해 설명해 주세요."
"1","자수에 대해 설명해 주세요.","자수가 교양의 하나로 여겨지면서 귀부인들이 습득한 기술이 귀족 사회에 퍼져, 각각의 민족성과 연결되면서 독자적인 양식을 형성하였습니다. 유명한 헤이스팅스 전투를 나타낸 '바이유의 태피스트리'는 북구 특유의 양식과 비잔틴의 기술이 결합된 대표적 예라고 할 수 있습니다.","P","자수가 한 민족의 독자적 양식으로 뿌리내리게 된 예제를 설명해 주세요."
"1","자수에 대해 설명해 주세요.","자수란 범인이 스스로 수사 기관에 자기의 범죄 사실을 신고하는 것을 말합니다. 일반적으로 자수한 자는 형을 감해주며, 특별한 경우에는 면제하는 경우도 존재합니다. 이렇게 법언에서 자수자에 대해 처벌을 매우 가볍게 해주는 이유는 자수하는 것 자체가 자신의 죄를 뉘우친다고 고려하는 것이기 때문입니다.","F",""
"1","자수에 대해 설명해 주세요.","자수란 옷감이나 헝겊 따위에 여러가지 색실로 그림, 글자, 무늬 따위를 수놓는 경우로 십자수가 대표적입니다. 컴퓨터 기술이 발달했음에도 불구하고 자수는 기계가 할 수 없는 수공예의 영역으로 아직까지 존재하고 있는 특이한 디자인 방식입니다.","F",""
"1","자수에 대해 설명해 주세요.","컴퓨터 자수가 현재는 많이 사용되고 있습니다. 정밀한 도안을 통해서 자수로 찍어내는 게 가능하며, 수공예보다 정확성이 보장된다는 장점이 있으나 수공예 제품보다 가격이 월등하게 비싸기 때문에 소비자에게 선호되고 있지는 않습니다","F",""
"1","자수에 대해 설명해 주세요.","영어의 엠브로이더리(embroidery), 프랑스어의 브로드리(broderie)에 해당되는데 모두 자수가 의복이나 천의 가장자리 장식으로 이용되었던 데서 생겨난 말입니다. 또한 영어의 워크(work)는 원래 기술, 기법 등이란 뜻인데 엠브로이더리와 같은 뜻으로 쓰일 때도 있습니다. ","P","자수가 의복이나 천의 가장자리 장식으로 많이 이용된 이유에 대해 설명해 주세요."
"2","자수의 재료에 대해 설명해 주세요.","색사자수는 기술?용도?발생지에 관계없이 유채색이나 금?은실의 실을 이용한 자수의 총칭입니다. 영어의 컬러드 엠브로이더리에 해당됩니다. 백사자수, 흑사자수의 상대어입니다. 크루엘은 느슨히 꼰 소모의 자수용 실로서 색수가 많고 16세기부터 존재했습니다. 크루엘 워크는 이것을 이용한 자수란 뜻 입니다.","P","크루엘에 대해 자세히 설명해 주세요."
"2","자수의 재료에 대해 설명해 주세요.","캔버스워크는 캔버스지를 기포로 한 자수의 총칭입니다. 라틴어의 오푸스 풀비나리움(Opus pulvinarium)에 해당되는 것으로써, 고대 프리기아, 이집트에도 이미 존재했고 유럽에서도 12세기부터 보급되었습니다. 기초적인 자수 기법의 하나입니다. 튼튼함과 따뜻한 감촉 때문에 깔개, 벽걸이, 쿠션 등에 많이 이용됩니다.","P","캔버스워크가 따뜻한 감촉을 주는 이유에 대해 설명해 주세요."
"2","자수의 재료에 대해 설명해 주세요.","자수의 재료는 굉장히 다양합니다. 그러나 컴퓨터 자수가 개발됨에 따라서 자수의 재료가 자주쓰이지 않게 되며 모두 디지털 픽셀로 대체되고 있어서, 현재는 자수의 재료 중 가장 기초적인 자수실만이 생산되고 있는 실정입니다.","F",""
"2","자수의 재료에 대해 설명해 주세요.","자수는 다양한 실을 매개로하며 그 실의 재료는 금,은,백사, 흑사 등 대양합니다. 16세기부터 자수에 사용되는 실이 상용화되어쓰며, 나아가 현대에 이르러 안료의 다양화로 인해서 자수와 관련된 다양한 재료들이 나오고 있지만, 그 가격이 매우 높고, 대중적이지 않습니다","F",""
"2","자수의 재료에 대해 설명해 주세요.","자수의 역사는 청동기 시대에 중국에서 양잠업이 시작한 것으로 보아 청동기 시대부터 이어져온 것으로 파악됩니다. 그러나 어떤 문화권에서든 자수는 실이라는 단일한 재료를 통해서 구성되어 왔으며 이는 현재까지 이어지고 있습니다","F",""
"2","자수의 재료에 대해 설명해 주세요.","리본자수는 가느다란 리본으로 수놓는 자수의 총칭입니다. 로코코 엠브로이더리라고도 합니다. 여기에 이용하는 1색 또는 퍼뜨려서 물들인 리본을 차이나 리본이라고도 부르기 때문에, 차이나 리본 엠브로이더리란 별명도 있습니다.주로 새틴 스티치를 이용하며 견사의 새틴 스티치, 체인 스티치 등으로 보충합니다.","P","새틴 스티치에 대해 설명해 주세요."
"2","자수의 기법에 대해 설명해 주세요.","아일릿워크가 있습니다. 아일릿은 작은 구멍의 뜻입니다. 송곳으로 피륙의 올을 누르거나 잘라낸 작은 구멍의 둘레를 러닝 스티치로 심을 박고 그 위를 버튼홀 스티치나 오버캐스팅 스티치, 롤 스티치로 싸서 완성합니다. 아이리시 워크, 마데이라 워크 등에서 흔히 볼 수 있습니다.","P","아이리시워크에 대해 자세히 설명해 주세요."
"2","자수의 기법에 대해 설명해 주세요.","컷워크는 도안의 모양에 따라 오려내는 서양 자수의 한 수법입니다. 피륙을 장식하는 도안을 버튼홀 스티치, 블랭킷 스티치 등으로 꿰매고 안쪽 피륙을 오려내어 레이스와 같은 효과를 내는 기법으로 오려낸 구멍이 클 때는 실을 적당히 건네서 그 실을 감습니다. 가장 많이 쓰이는 자수법 입니다.
","P","서양자수 스타일에 대해 설명해 주세요."
"2","자수의 기법에 대해 설명해 주세요.","프랑스자수는 십자수와 비슷한 수예의 일종으로, 서양자수로 불리기도 하지만, 그 공장이 프랑스에 있어서 프랑스 자수라고 불립니다 십자수와 달리, 단일한 스티치법을 통해서 자수를 하는 것이 가장 큰 특징이라고 규정할 수 있습니다.","F",""
"2","자수의 기법에 대해 설명해 주세요.","십자수는 가장 대표적인 자수의 기법으로서 전용 제품이 사용되지 않기 때문에 대중적으로 사용되고 있습니다. 보통 도트 단위로 자수를 놓는 도트기법을 사용하는 것이 일반적이며, 자수의 종류중에 가장 저렴한 원가를 가지고 있습니다.","F",""
"2","자수의 기법에 대해 설명해 주세요.","컷워크는 자수의 도안을 생성한 뒤, 도안의 모양과 반대로 자수를 진행하는 서양 자수의 기법입니다. 보통의 경우 오버 캐스팅 스티치, 버튼홀 스티치, 롤 스티치로 마무리하며, 고난도의 기술을 사용하여 대중적이지 못하다는 단점이 있습니다
","F",""
"2","자수의 기법에 대해 설명해 주세요.","탬부어워크는 탬부어라고 불리는 탬버린 모양의 틀에 천을 끼우고 앞쪽의 끝에 특수한 갈고리가 달린 바늘을 이용하여 체인 스티치로 무늬를 그리는 자수와 그 기법입니다. 선명한 색채를 특색으로 하며 17세기 중반쯤에 유럽으로 전해지고 나서부터는 각 시대 양식을 반영하였고, 한편 흰색 바탕에 흰실을 사용한 레이스풍의 베리에이션도 생겨났습니다.","P","탬부어워크가 선명한 색채를 보이는 이유에 대해 설명해 주세요."
"1","직물에 대해 설명해 주세요.","직기로 짜여지며, 경사와 위사의 교차 방법에 따라 여러 가지 직물조직이 되며, 천의 조직구성상 편물이나 조물과는 판이하게 다릅니다. 직물은 그 용도·재단 방법에 따라 '폭'이 결정되고, 또 그 가공·취급·유통상 '필'이라는 단위길이가 주어집니다. 직물은 인간의 의생활을 꾸며 주는 재료입니다.","P","경사와 위사에 대해 자세히 설명해 주세요."
"1","직물에 대해 설명해 주세요.","옷감으로서의 직물은 보온·흡습·유연·탄력 등 착용상 기능성을 지녀야 함은 물론이거니와 패션의료로서의 심미성도 아울러 갖추어야 한다는 것이 현대적인 개념입니다. 또한, 옷감으로서의 직물에 대한 여러 가지 염직기술과 가공기술이 다양하게 발달되어 그 부가가치를 한층 높이고 있습니다.","P","염직기술의 종류에 대해 설명해 주세요."
"1","직물에 대해 설명해 주세요.","섬유를 통해서 만들어진 모든 것을 직물이라고 합니다 종류에 따라서 마직물, 견직물 등 다양하며 인간의 역사에서 의생활을 책임지는 것이었습니다. 현재는 직물보다는 동물의 가죽이나 인조가죽을 사용하기 떄문에 시장에서 찾아보기 힘든 재료입니다","F",""
"1","직물에 대해 설명해 주세요.","직물의 효과는 다양합니다. 우선 화학 섬유와 달리 인체에 유해한 성분이 거의 존재하지 않다는 장점이 있으며,  종류가 다양합니다. 그러나 인공섬유가 발달함에 따라서 직물의 가격이 상승하게 되었으며, 이로 인해 직물의 가격이 높아져  현재는 하나의 사치품으로서 기능하고 있습니다.","F",""
"1","직물에 대해 설명해 주세요.","인간의 의생활의 시작부터 직물은 존재해왔습니다. 또한 직물은 보온,흡습,유연,탄력 등 다양한 성질을 지닌 재료로 구성되어 있으며, 현대에서도 지속적으로 사용되고 있습니다 그러나 직물의 사용은 환경파괴를 낳기 때문에 현재는 규제의 대상이 되어 있습니다.","F",""
"2","인쇄의 종류에 대해 설명해 주세요.","볼록판 인쇄는 잉크의 필름으로 덮인 볼록한 꼴에서 상을 인쇄하는 것으로 이루어지는 과정입니다. 압력을 가하여 이미지를 다른 표면으로 옮깁니다. 볼록판 인쇄를 위해서는 프루프 프레스를 이용합니다. 바닥 고정 인쇄기로 잉크가 묻힌 각판 위에 종이를 올린 뒤 그 위로 움직이는 실린더가 있습니다.","P","프루르인쇄기에 대해 설명해 주세요."
"2","인쇄의 종류에 대해 설명해 주세요.","오목판 인쇄는 오목한 무늬 위에 잉크를 채워넣어 이미지의 인쇄가 이루어지는 과정입니다. 압력을 가하여 이미지를 다른 표면으로 옮깁니다. 에칭 프레스는 2개의 실린더가 달려 있으며, 조각을 한 판과 잉크가 묻은 판 사이에 종이를 끼워 눌러 인쇄를 하는 도구로 오목판 인쇄에서 쓰이는 장비입니다.","P","에칭프레스에는 왜 2개의 실린더가 필요한지 설명해 주세요."
"2","인쇄의 종류에 대해 설명해 주세요.","볼록판 인쇄가 있습니다. 무늬를 볼록하게 구성한 다음에 잉크를  채워넣어 이미지의 인쇄가 이뤄지는 것으로 주로 에칭프레스를 이용하여 인쇄하며, 잉크가 묻은 판과 조각 사이에 종이를 끼워 인쇄하는 방식으로 진행되고 있습니다.","F",""
"2","인쇄의 종류에 대해 설명해 주세요.","오목판 인쇄가 있습니다, 볼록한 꼴에 상을 인쇄하는 방식으로 해당 상에 압력을 가하여 이미지를 다른 표면으로 옮기는 것으로 이미지를 인쇄하는데 이때 압력을 가하는 방식은 프루프 프레스로 실린더를 이용하는 압축방식입니다","F",""
"2","인쇄의 종류에 대해 설명해 주세요.","인쇄의 종류는 컬러인쇄와 흑백인쇄가 있습니다. 과거 프린터 기기가 처음나왔을 때는 색상을 출력하기 위해서 48가지 색의 잉크를 프린터에 넣었어야 했는데 현재는 레이저기술이 발달함에 따라서 토너가 필요없는 프린터가 등장하였습니다","F",""
"2","인쇄의 종류에 대해 설명해 주세요.","평판인쇄는 인쇄되지 않는 부분과 같은 평면 위에 있는 꼴에서 상을 인쇄하는 것으로 이루어지는 과정으로 인쇄되지 않는 부분은 축축하게 하여 잉크가 묻지 않도록 해야합니다. 평판인쇄는 석판화에 그린 상을 압력을 이용하여 종이에 인쇄하는 수동 인쇄기를 사용합니다.","P","평판인쇄의 특징에 대해 설명해 주세요."
"1","출판의 과정을 설명해 주세요.","출판물의 제작은 먼저 내용이 되는 주제와필자의 선정, 즉 기획에서부터 시작됩니다. 이 기획의 우열이 판매를 결정하고, 또 출판문화에 공헌하는 양심적인 것인가 아닌가 하는 출판물의 가치를 결정하게되기도 합니다. 기획이 결정되면 저자와의 집필교섭을 하고 원고를 입수합니다. ","P","저자로부터 원고를 입수한 다음 진행하는 단계를 설명해 주세요."
"1","출판의 과정을 설명해 주세요.","지정이 끝난 원고는 인쇄소에 보내져, 먼저 문선계에 의해 활자를 뽑게되고, 식자계가 그것을 지정대로 1페이지씩 조판합니다. 모노타이프라고하는 기계로 문선·식자를 하게 되는 경우도 있습니다. 조판이 마무리되면 보통 16페이지씩을 한 묶음으로 하여 교정쇄를 박아내어 이것을 원고와 함께 출판사로 보냅니다.","P","모노타이프에 대해 설명해 주세요."
"1","출판의 과정을 설명해 주세요.","인쇄물을 출판하는 방법은 3가지로 분류됩니다. 자가출판과 자비출판, 기획출판입니다. 자가 출판의 경우 공식적인 출판이 아닌 해당 인쇄물을 개인이 소유하고 싶을 떄 소량으로 출판하는 행위를 말하며, 자비출판은 자비를 이용하여 출판사에게 출판 업무를 대행시키는 것을 말합니다.","F",""
"1","출판의 과정을 설명해 주세요.","기획출판의 경우 출판물의 수익성이 어느정도 보장된다고 판단하는 출판사에서 출판 비용을 모두 지불하고 업무를 처리하는 것을 말하며 이때 출판물의 수익은 대부분 출판사에게 귀속되며 원저자는 출판 수수료 정도를 받을 뿐입니다.","F",""
"1","출판의 과정을 설명해 주세요.","최근 교보문고에서 PubPle등의 개인 출판 서비스가 등장하였는데 원고를 전송하고 일정금액을 내면 인쇄, 제본 후 나만의 책을 만드는 서비스로 자신만의 책을 가지고 싶은 사람만이 사용하는 기획출판의 일종으로, 출판 과정이 본인에게 귀속되기 떄문에 모든 수익이 저자에게 돌아가는 시스템이 있습니다.","F",""
"1","출판의 과정을 설명해 주세요.","최근에는 조판을 사진식자기나 전산사식기또는 컴퓨터로하는 경우가 늘어나고 있습니다. 이상의 작업과 병행하여 편집자는 책의 장정을 어떻게 할 것인지를 결정하고, 케이스·커버·표지·속표지 등의 디자인을 의뢰하여이 원고도 인쇄소에 넘겨 교료까지 진행해야 합니다. 이후 완성된 책은 출판사나 도매회사에 운반됩니다.","P","교료에 대해 설명해 주세요."
"2","편물에 대해 설명해 주세요.","편물은 손뜨기와 기계뜨기로 분류할 수 있는데 손뜨기에는 대바늘뜨기와 코바늘뜨기, 아프간뜨기가 있습니다. 대바늘뜨기는 가장 많이 쓰이는 것으로, 메리야스뜨기, 고무뜨기. 가터뜨기의 3가지 기본뜨기가 있고, 이런 것들의 절충 및 응용에 따라 각종의 무늬뜨기가 생깁니다.","P","손뜨기의 종류에 대해 자세히 설명해 주세요."
"2","편물에 대해 설명해 주세요.","편물은 실 또는 끈으로 뜨는 수예 및 그 제품으로 신축성이 풍부하고 착용하기 쉬우며 보온성이 크다는 특징이 있습니다. 또한 가볍고 구김살이 지지 않으며, 스웨터류·코트·모자·장갑·양말·내의·숄 등에 광범위하게 사용됩니다. 편물이 의복에 사용된 것은 이집트 시대로서 샌들용의 짧은 양말을 만든 것이 시초입니다.","P","편물이 보온성이 뛰어난 이유에 대해 설명해 주세요."
"2","편물에 대해 설명해 주세요.","편물은 손뜨기의 일종입니다. 자수와 같이 수공예의 종류 중 하나로 주로 스웨터를 만들 때 자주 사용됩니다. 그러나 현재는 손뜨기의 효율성이 지나치게 약하기 때문에 편물을 이용한 제품을 시장에서 보는 것은 굉장히 드뭅니다.","F",""
"2","편물에 대해 설명해 주세요.","편물은 탄력성이 약하고 집약적인 실을 사용하기 때문에 신축성이 약하다는 단점이 존재하지만, 보온성이 탁월하기 때문에 현대에서도 많이 사용되는 의류재료입니다. 따라서 스웨터,코트,모자,양말 등 광범위하게 사용되고 있습니다.","F",""
"2","편물에 대해 설명해 주세요.","편물의 특징은 계절에 따라 수요가 천차만별이라는 것입니다. 편물은 보온성이 탁월하기 떄문에 주로 보온용 의류에서 주로 사용되기에 겨울에  그 수요가 급등하다가 여름이 되면 수요가 거의 존재하지 않는 특수한 상품입니다.","F",""
"1","실루엣에 대해 설명해 주세요.","18세기에 절약을 강조했던 프랑스 재무장관 에티엔 드 실루엣의 영향으로 인물의 윤곽 내부를 검게 칠한 초상화가 등장하였고 이를 '실루엣'이라 불렀습니다. 실루엣이 형체의 윤곽을 의미하기 때문에 패션에서는 옷에 의한 신체의 윤곽을 묘사하기 위해 이 용어를 사용합니다. 남성패션에 비해 여성패션에서 실루엣의 변천이 뚜렷하며 종류도 다양합니다.","P","여성패션에서의 실루엣 변천에 대해 설명해 주세요."
"1","실루엣에 대해 설명해 주세요.","각 시대의 지배적인 실루엣은 사회·문화·정치·경제적 요인들의 영향을 받아 형성되었습니다. 예를 들어 르네상스 시대에는 인본주의의 영향으로 패션에서는 인체의 아름다움을 살리려는 노력을 하였습니다. 때문에 코르셋을 입어 허리를 가늘게 조이고 원추형 또는 원통형의 파딩게일로 스커트를 부풀린 과장된 형태의 복장이 출현하였습니다.","P","코르셋의 특징을 설명해 주세요."
"1","실루엣에 대해 설명해 주세요.","창문에 비친 사람의 그림자라는 뜻으로 디자인이 포함된 윤곽이나 외형을 지칭하는 단어입니다. 어원은 루이 16세 시대의 프랑스 대신이었던 실루엣으로 그는 자신의 초상화에 윤곽선을 강조하도록 부탁했고 이와 같은 초상화를 실루엣 초상화라고 부르는데에서 시작했습니다.","F",""
"1","실루엣에 대해 설명해 주세요.","검은 단발에 검은색 정장스타일의 코스튬을 가진 왓치맨에 등장하는 캐릭터입니다. 원작으론 비극적인 캐릭터로 영웅으로써 아무리 열심히 노력하고 자신의 희생을 헌신해도 레즈비언이라는 이유로 비극적인 최후를 맞이하는 캐릭터입니다.","F",""
"1","실루엣에 대해 설명해 주세요.","실루엣은 디자인이 제외된 윤곽이나 외형을 의미합니다. 각 시대마다 지배적인 실루엣이 다른데 이는 사회,문화적 요인들에 영향을 받기 때문입니다. 보통의 경우 실루엣과 아름다움은 반비례의 관계를 지니고 있습니다.","F",""
"1","실루엣에 대해 설명해 주세요.","1947년 크리스티앙 디오르의 여성의 하의를 강조한 뉴룩은 전후 패션의 전환점이 되었습니다. 암울했던 전후 시대에 뉴룩의 우아하면서 발랄한 모래시계 형태의 아워글라스 실루엣은 새로운 시대를 향한 희망과 회복의 표현으로서 각광받았습니다. 이후 크리스티앙 디오르는 10년간 매 시즌마다 새로운 라인을 발표했습니다.","P","아워글라스 실루엣에 대해 설명해 주세요."
"2","프레타포르테에 대해 설명해 주세요.","프레타포르테는 오트쿠틔르의 맞춤복과는 구별되거나 대조되는 형태의 고급 기성복을 의미합니다. 프레타포르테는 처음에는 오트쿠틔르 작품을 재단과 봉제면에서 어느 정도 수정을 가하여 일반화 시킨 것을 의미했습니다. 봉재 기술의 급속한 발달로 대량생산이 가능해지며 기성복의 새로운 소비형태가 형성되기 시작했습니다.","P","대량생산이 맞춤복과 기성복에 미친 영향에 대해 설명해 주세요."
"2","프레타포르테에 대해 설명해 주세요.","1929년의 경제대공황이 모든 사회계층의 소비형태에 영향을 미치게 되자 기성복 업체는 보다 폭넓은 고객층을 확보할 수 있게 되었습니다. 특히 백화점을 비롯한 기성복 업체의 출현은 감히 패션을 의식조차 할 수 없었던 일반 노동자 계층의 사람들이 점점 패션에 대한 관심을 키워 나갈 수 있게 해 주었던 점에서 의미가 있습니다.","P","패션에 대한 관심이 확대된 것이 기성복의 발달에 어떤 영향을 미쳤는지 설명해 주세요."
"2","프레타포르테에 대해 설명해 주세요.","프레타포르테는 사서 바로 입을 수 있는 기성복으로 오트쿠틔르와 대조되는 패션용어입니다. 현대에는 기성복 중 가장 대중적인 기성복의 브랜드를 지칭하는 용어로 그 가격이 저렴하고 단순한 스타일을 지닌 기성복을 총칭하는 용어가 되었습니다","F",""
"2","프레타포르테에 대해 설명해 주세요.","과거 유럽의 패션은 오트쿠튀르 위주였으나, 기계가 등장함에 따라서 기성복의 유행과 함께 기성복을 지칭하는 프레타포르테가 등장하게 되었습니다. 그러나 프레타포르테는 값은 오트쿠튀르와 비스사면서 품질이 떨어진다는 단점을 가지고 있습니다.","F",""
"2","프레타포르테에 대해 설명해 주세요.","경제 대공황 이후로, 오트쿠튀르의 주요 고객층 역시 타격을 받게 되자 의류산업은 큰 불황에 빠지게 되었고, 이로 인해 대량생산이 가능한 프레타포르테가 등장하게 되었습니다. 이로 인해 패션은 일원화되며 패션계의 침체를 가져온 주요 원인으로 꼽히고 있습니다.","F",""
"2","프레타포르테에 대해 설명해 주세요.","1970년대와 1980년대, 제2세대 디자이너들이라 불리는 신진 디자이너들이 대거 프레타포르테 컬렉션에 참여하게 되면서 파리 프레타포르테는 더욱 활기를 얻고 발전하게 되었습니다. 파리 프레타포르테 컬렉션은 매년 오트쿠틔르 컬렉션이 끝난 후인 3월과 8월에 열립니다.","P","파리 프레타포르테 컬렉션에 대해 설명해 주세요."
